0
0
0.010057
0.020203
0.03001
0.040173
0.050068
0.060206
0.070138
0.080314
0.09032
0.1003
0.11021
0.12008
0.13017
0.14003
0.15008
0.16007
0.17019
0.18005
0.19015
0.20005
0.21009
0.22013
0.2301
0.24006
0.25001
0.26002
0.27001
0.28004
0.29006
0.30005
0.31004
0.32005
0.33001
0.34
0.35004
0.36005
0.37004
0.38
0.39002
0.40001
0.41008
0.42003
0.43004
0.44001
0.45008
0.46003
0.47004
0.48007
0.49006
0.50008
0.51005
0.52
0.53004
0.54007
0.55009
0.56004
0.57007
0.58004
0.59001
0.60007
0.61
0.62002
0.63001
0.64001
0.65011
0.66011
0.67
0.68009
0.6901
0.70002
0.71004
0.72004
0.73003
0.7401
0.75012
0.7601
0.77002
0.78002
0.7901
0.80001
0.81002
0.82013
0.83005
0.84007
0.85002
0.86003
0.8701
0.88006
0.89007
0.9
0.91014
0.92004
0.93014
0.94
0.95006
0.96001
0.97014
0.98002
0.99009
1
0
0.010154
0.020139
0.0301
0.040134
0.050026
0.060141
0.070027
0.080135
0.09012
0.1001
0.11015
0.12005
0.13012
0.14023
0.15
0.16013
0.17011
0.18006
0.19004
0.20005
0.21002
0.22005
0.23004
0.24007
0.25003
0.26006
0.27007
0.28009
0.29003
0.30005
0.31004
0.32006
0.33
0.34005
0.35006
0.36003
0.37006
0.38007
0.39008
0.40006
0.41003
0.42005
0.43005
0.44001
0.45003
0.46001
0.47005
0.48004
0.49006
0.50007
0.51007
0.52003
0.53009
0.54004
0.55
0.56009
0.57009
0.58006
0.59002
0.60005
0.61003
0.62009
0.63009
0.64003
0.65
0.66007
0.67003
0.68005
0.6901
0.70005
0.71011
0.72002
0.73003
0.74002
0.7501
0.76001
0.77013
0.78007
0.79008
0.80002
0.81005
0.82002
0.83007
0.84006
0.85013
0.86001
0.87009
0.88009
0.89
0.90012
0.91
0.9201
0.9301
0.94001
0.95012
0.96014
0.97007
0.98005
0.99008
1.0001
0
0.010359
0.020399
0.030116
0.040434
0.050501
0.060392
0.070615
0.080787
0.090109
0
