0
0
0.0001088
0.00021016
0.00031949
0.00044124
0.0005786
0.00073238
0.00090252
0.001089
0.0012671
0.0014376
0.0016079
0.0017853
0.0019781
0.002196
0.0024462
0.0026905
0.0029258
0.0031593
0.0033981
0.0036389
0.0038748
0.0041156
0.0043715
0.0046527
0.0049547
0.0052364
0.0055078
0.0057771
0.0060528
0.0063446
0.0066634
0.0069911
0.0073026
0.0076074
0.0079081
0.0082126
0.0085325
0.0088784
0.0092259
0.0095464
0.0098522
0.010154
0.010459
0.010771
0.011097
0.011397
0.011674
0.011937
0.012196
0.01246
0.012736
0.01303
0.013347
0.013689
0.014034
0.014375
0.014721
0.015079
0.015406
0.015706
0.015997
0.016288
0.016586
0.016881
0.017148
0.0174
0.017646
0.017893
0.018129
0.018362
0.018598
0.018818
0.019029
0.01924
0.019455
0.019679
0.019912
0.020139
0.020354
0.020564
0.020775
0.020993
0.021219
0.021456
0.021681
0.021894
0.022099
0.022299
0.022489
0.022673
0.022857
0.023045
0.023239
0.023439
0.02363
0.023812
0.023991
0.024171
0.024355
0.024544
0.02474
0.024942
0.025148
0.025346
0.025538
0.025729
0.025912
0.026092
0.026274
0.02646
0.026652
0.026836
0.027009
0.027178
0.027346
0.027515
0.027689
0.027864
0.028027
0.028183
0.028336
0.028488
0.028642
0.028797
0.028954
0.029114
0.029278
0.029441
0.029604
0.029767
0.029932
0.0301
0.030271
0.030445
0.030624
0.030805
0.030974
0.031136
0.031294
0.031453
0.031614
0.031778
0.031941
0.032106
0.032272
0.032441
0.032613
0.032784
0.032952
0.033121
0.033291
0.033464
0.033642
0.033825
0.034012
0.034204
0.034401
0.034596
0.034791
0.034984
0.03517
0.035345
0.03552
0.035701
0.035888
0.036058
0.036219
0.036373
0.036525
0.036678
0.036833
0.036993
0.037158
0.037327
0.037501
0.037672
0.03784
0.038009
0.03818
0.038356
0.038537
0.038724
0.038915
0.039111
0.039311
0.039514
0.039719
0.039926
0.040134
0.040345
0.040556
0.040769
0.040984
0.0412
0.041418
0.041637
0.041858
0.04208
0.042305
0.042531
0.04276
0.042988
0.043215
0.043444
0.04367
0.043899
0.044134
0.044374
0.044616
0.044856
0.045094
0.045336
0.045575
0.045816
0.046064
0.046316
0.04657
0.046825
0.047083
0.047341
0.047602
0.047864
0.048128
0.048394
0.048662
0.048931
0.049202
0.049475
0.04975
0.050026
0.050304
0.050584
0.050865
0.051149
0.051434
0.05172
0.052009
0.052299
0.052591
0.052885
0.05318
0.053477
0.053776
0.054077
0.054379
0.054684
0.05499
0.055298
0.055608
0.05592
0.056234
0.056549
0.056867
0.057186
0.057507
0.05783
0.058156
0.058482
0.058811
0.059142
0.059474
0.059809
0.060141
0.060467
0.060795
0.06113
0.061473
0.061818
0.062157
0.06248
0.062791
0.063099
0.06341
0.063727
0.06405
0.064379
0.064711
0.065024
0.065327
0.065627
0.065931
0.066242
0.066557
0.066877
0.067201
0.067519
0.067826
0.068129
0.068433
0.068746
0.069068
0.069386
0.069706
0.070027
0.070342
0.07065
0.070955
0.071256
0.071547
0.071837
0.072129
0.072428
0.072735
0.073051
0.073376
0.073703
0.074031
0.07436
0.074692
0.075031
0.075379
0.075734
0.076092
0.076454
0.076811
0.077165
0.077522
0.077883
0.078251
0.078627
0.079009
0.079391
0.079764
0.080135
0.080511
0.080898
0.081286
0.081676
0.082068
0.082463
0.08286
0.08326
0.083663
0.084068
0.084476
0.08489
0.085308
0.08573
0.086158
0.086591
0.087018
0.087443
0.087872
0.088311
0.088763
0.089218
0.089675
0.09012
0.09056
0.090999
0.091441
0.091869
0.092253
0.092615
0.092966
0.093313
0.093661
0.094012
0.09437
0.094734
0.095106
0.095485
0.095872
0.096253
0.096602
0.096933
0.097257
0.097581
0.097914
0.098257
0.098612
0.098978
0.099355
0.099732
0.1001
0.10046
0.10083
0.10121
0.10161
0.10201
0.10242
0.10282
0.10323
0.10363
0.10402
0.10441
0.10479
0.10518
0.10557
0.10598
0.10637
0.10675
0.10712
0.1075
0.10788
0.10827
0.10866
0.10905
0.10942
0.10979
0.11015
0.11051
0.11086
0.11121
0.11155
0.11189
0.11224
0.11258
0.11291
0.11325
0.11359
0.11393
0.11427
0.11461
0.11495
0.11529
0.11563
0.11598
0.11632
0.11666
0.11701
0.11736
0.1177
0.11805
0.1184
0.11873
0.11905
0.11938
0.11971
0.12005
0.12039
0.12075
0.1211
0.12146
0.12182
0.12218
0.12254
0.1229
0.12326
0.12363
0.124
0.12436
0.12474
0.12511
0.12548
0.12586
0.12624
0.12662
0.127
0.12738
0.12777
0.12815
0.12854
0.12893
0.12933
0.12972
0.13012
0.13051
0.1309
0.1313
0.1317
0.13209
0.13249
0.13289
0.13329
0.13369
0.1341
0.1345
0.13491
0.13531
0.13571
0.13611
0.13651
0.13691
0.13731
0.13768
0.13802
0.13836
0.13868
0.13901
0.13933
0.13965
0.13995
0.14023
0.14051
0.14078
0.14104
0.14131
0.14157
0.14183
0.14209
0.14233
0.14257
0.14279
0.14302
0.14324
0.14346
0.14368
0.14389
0.14411
0.14433
0.14454
0.14475
0.14495
0.14515
0.14535
0.14555
0.14574
0.14594
0.14613
0.14632
0.14652
0.14671
0.1469
0.1471
0.14729
0.14748
0.14768
0.14787
0.14806
0.14825
0.14845
0.14864
0.14884
0.14903
0.14922
0.14942
0.14961
0.14981
0.15
0.1502
0.15039
0.15058
0.15078
0.15098
0.15117
0.15137
0.15156
0.15176
0.15195
0.15215
0.15234
0.15254
0.15274
0.15293
0.15313
0.15333
0.15352
0.15372
0.15392
0.15411
0.15431
0.15451
0.1547
0.1549
0.1551
0.1553
0.1555
0.1557
0.1559
0.1561
0.15629
0.15649
0.15669
0.15689
0.15709
0.15729
0.15749
0.15769
0.15789
0.15809
0.15829
0.15849
0.15869
0.1589
0.1591
0.15931
0.15951
0.15972
0.15992
0.16013
0.16033
0.16054
0.16075
0.16096
0.16116
0.16137
0.16158
0.16179
0.162
0.1622
0.16241
0.16262
0.16283
0.16304
0.16325
0.16346
0.16367
0.16388
0.16409
0.1643
0.16451
0.16472
0.16493
0.16515
0.16536
0.16557
0.16578
0.166
0.16621
0.16642
0.16664
0.16685
0.16706
0.16728
0.1675
0.16771
0.16793
0.16814
0.16836
0.16858
0.1688
0.16901
0.16923
0.16945
0.16967
0.16989
0.17011
0.17033
0.17056
0.17078
0.171
0.17122
0.17144
0.17167
0.17189
0.17211
0.17234
0.17256
0.17279
0.17301
0.17324
0.17346
0.17369
0.17391
0.17414
0.17436
0.17459
0.17482
0.17504
0.17527
0.1755
0.17572
0.17595
0.17618
0.1764
0.17663
0.17686
0.17709
0.17731
0.17754
0.17777
0.178
0.17823
0.17846
0.17869
0.17892
0.17914
0.17937
0.1796
0.17983
0.18006
0.18029
0.18051
0.18074
0.18097
0.18119
0.18142
0.18165
0.18187
0.1821
0.18232
0.18255
0.18277
0.183
0.18322
0.18344
0.18367
0.18389
0.18411
0.18434
0.18456
0.18478
0.185
0.18522
0.18544
0.18566
0.18589
0.18611
0.18633
0.18655
0.18677
0.18699
0.1872
0.18742
0.18764
0.18786
0.18808
0.1883
0.18852
0.18873
0.18895
0.18917
0.18939
0.1896
0.18982
0.19004
0.19025
0.19047
0.19069
0.1909
0.19112
0.19134
0.19155
0.19177
0.19198
0.1922
0.19241
0.19263
0.19284
0.19306
0.19327
0.19349
0.1937
0.19392
0.19413
0.19435
0.19456
0.19478
0.19499
0.19521
0.19542
0.19563
0.19585
0.19606
0.19628
0.19649
0.1967
0.19692
0.19713
0.19735
0.19756
0.19777
0.19798
0.19819
0.1984
0.19861
0.19881
0.19902
0.19923
0.19943
0.19964
0.19984
0.20005
0.20025
0.20046
0.20066
0.20086
0.20106
0.20127
0.20147
0.20167
0.20187
0.20207
0.20227
0.20247
0.20268
0.20288
0.20308
0.20328
0.20347
0.20367
0.20387
0.20407
0.20427
0.20447
0.20467
0.20487
0.20506
0.20526
0.20546
0.20566
0.20586
0.20605
0.20625
0.20645
0.20665
0.20684
0.20704
0.20723
0.20742
0.20761
0.2078
0.20799
0.20817
0.20836
0.20855
0.20873
0.20892
0.2091
0.20928
0.20947
0.20965
0.20984
0.21002
0.2102
0.21039
0.21057
0.21075
0.21093
0.21112
0.2113
0.21148
0.21166
0.21185
0.21203
0.21221
0.21239
0.21257
0.21276
0.21294
0.21312
0.2133
0.21348
0.21366
0.21384
0.21402
0.2142
0.21438
0.21456
0.21474
0.21492
0.2151
0.21528
0.21546
0.21564
0.21582
0.21599
0.21617
0.21635
0.21653
0.21671
0.21689
0.21706
0.21724
0.21742
0.2176
0.21777
0.21795
0.21813
0.2183
0.21848
0.21866
0.21883
0.21901
0.21919
0.21936
0.21954
0.21972
0.21989
0.22005
0.2202
0.22035
0.2205
0.22064
0.22078
0.22092
0.22105
0.22118
0.22131
0.22144
0.22157
0.22169
0.22182
0.22194
0.22206
0.22219
0.22231
0.22243
0.22255
0.22267
0.22279
0.22291
0.22302
0.22314
0.22326
0.22338
0.22349
0.22361
0.22372
0.22384
0.22395
0.22407
0.22418
0.2243
0.22441
0.22452
0.22464
0.22475
0.22486
0.22498
0.22509
0.2252
0.22531
0.22542
0.22554
0.22565
0.22576
0.22587
0.22598
0.22609
0.2262
0.22631
0.22642
0.22653
0.22664
0.22675
0.22686
0.22697
0.22707
0.22718
0.22729
0.2274
0.22751
0.22762
0.22772
0.22783
0.22794
0.22805
0.22815
0.22826
0.22837
0.22847
0.22858
0.22868
0.22879
0.2289
0.229
0.22911
0.22921
0.22931
0.22942
0.22952
0.22963
0.22973
0.22984
0.22994
0.23004
0.23015
0.23025
0.23035
0.23046
0.23056
0.23066
0.23077
0.23087
0.23097
0.23108
0.23118
0.23128
0.23139
0.23149
0.23159
0.23169
0.2318
0.2319
0.232
0.2321
0.2322
0.23231
0.23241
0.23251
0.23261
0.23271
0.23282
0.23292
0.23302
0.23312
0.23322
0.23332
0.23342
0.23352
0.23363
0.23373
0.23383
0.23393
0.23403
0.23413
0.23423
0.23433
0.23443
0.23453
0.23463
0.23473
0.23483
0.23493
0.23503
0.23513
0.23523
0.23533
0.23543
0.23553
0.23563
0.23573
0.23583
0.23593
0.23603
0.23613
0.23623
0.23633
0.23643
0.23653
0.23663
0.23673
0.23683
0.23692
0.23702
0.23712
0.23722
0.23732
0.23742
0.23752
0.23762
0.23772
0.23781
0.23791
0.23801
0.23811
0.23821
0.23831
0.2384
0.2385
0.2386
0.2387
0.2388
0.2389
0.23899
0.23909
0.23919
0.23929
0.23939
0.23948
0.23958
0.23968
0.23978
0.23988
0.23997
0.24007
0.24017
0.24027
0.24036
0.24046
0.24056
0.24066
0.24075
0.24085
0.24095
0.24105
0.24114
0.24124
0.24134
0.24143
0.24153
0.24163
0.24172
0.24182
0.24192
0.24202
0.24211
0.24221
0.24231
0.2424
0.2425
0.2426
0.24269
0.24279
0.24289
0.24298
0.24308
0.24317
0.24327
0.24337
0.24346
0.24356
0.24366
0.24375
0.24385
0.24395
0.24404
0.24414
0.24423
0.24433
0.24443
0.24452
0.24462
0.24471
0.24481
0.2449
0.245
0.2451
0.24519
0.24529
0.24538
0.24548
0.24557
0.24567
0.24577
0.24586
0.24596
0.24605
0.24615
0.24624
0.24634
0.24643
0.24653
0.24662
0.24672
0.24681
0.24691
0.247
0.2471
0.24719
0.24729
0.24738
0.24748
0.24757
0.24767
0.24776
0.24786
0.24795
0.24805
0.24814
0.24824
0.24833
0.24843
0.24852
0.24862
0.24871
0.24881
0.2489
0.249
0.24909
0.24918
0.24928
0.24937
0.24947
0.24956
0.24966
0.24975
0.24984
0.24994
0.25003
0.25013
0.25022
0.25032
0.25041
0.2505
0.2506
0.25069
0.25079
0.25088
0.25097
0.25107
0.25116
0.25126
0.25135
0.25144
0.25154
0.25163
0.25172
0.25182
0.25191
0.252
0.2521
0.25219
0.25229
0.25238
0.25247
0.25257
0.25266
0.25275
0.25285
0.25294
0.25303
0.25313
0.25322
0.25331
0.25341
0.2535
0.25359
0.25369
0.25378
0.25387
0.25396
0.25406
0.25415
0.25424
0.25434
0.25443
0.25452
0.25462
0.25471
0.2548
0.25489
0.25499
0.25508
0.25517
0.25527
0.25536
0.25545
0.25554
0.25564
0.25573
0.25582
0.25591
0.25601
0.2561
0.25619
0.25628
0.25638
0.25647
0.25656
0.25665
0.25675
0.25684
0.25693
0.25702
0.25711
0.25721
0.2573
0.25739
0.25748
0.25758
0.25767
0.25776
0.25785
0.25794
0.25804
0.25813
0.25822
0.25831
0.2584
0.2585
0.25859
0.25868
0.25877
0.25886
0.25896
0.25905
0.25914
0.25923
0.25932
0.25942
0.25951
0.2596
0.25969
0.25978
0.25987
0.25997
0.26006
0.26015
0.26024
0.26033
0.26042
0.26052
0.26061
0.2607
0.26079
0.26088
0.26098
0.26107
0.26116
0.26125
0.26134
0.26143
0.26153
0.26162
0.26171
0.2618
0.26189
0.26198
0.26208
0.26217
0.26226
0.26235
0.26244
0.26253
0.26262
0.26272
0.26281
0.2629
0.26299
0.26308
0.26317
0.26326
0.26336
0.26345
0.26354
0.26363
0.26372
0.26381
0.2639
0.26399
0.26409
0.26418
0.26427
0.26436
0.26445
0.26454
0.26463
0.26472
0.26481
0.26491
0.265
0.26509
0.26518
0.26527
0.26536
0.26545
0.26554
0.26563
0.26572
0.26581
0.26591
0.266
0.26609
0.26618
0.26627
0.26636
0.26645
0.26654
0.26663
0.26672
0.26681
0.2669
0.26699
0.26708
0.26718
0.26727
0.26736
0.26745
0.26754
0.26763
0.26772
0.26781
0.2679
0.26799
0.26808
0.26817
0.26826
0.26835
0.26844
0.26853
0.26862
0.26871
0.2688
0.26889
0.26898
0.26908
0.26917
0.26926
0.26935
0.26944
0.26953
0.26962
0.26971
0.2698
0.26989
0.26998
0.27007
0.27016
0.27025
0.27034
0.27043
0.27052
0.27061
0.2707
0.27079
0.27088
0.27097
0.27106
0.27115
0.27124
0.27133
0.27142
0.27151
0.2716
0.27169
0.27178
0.27187
0.27196
0.27205
0.27214
0.27223
0.27232
0.27241
0.2725
0.27259
0.27268
0.27277
0.27286
0.27295
0.27304
0.27313
0.27322
0.27331
0.2734
0.27349
0.27358
0.27367
0.27376
0.27384
0.27393
0.27402
0.27411
0.2742
0.27429
0.27438
0.27447
0.27456
0.27465
0.27474
0.27483
0.27492
0.27501
0.2751
0.27519
0.27528
0.27537
0.27546
0.27555
0.27564
0.27572
0.27581
0.2759
0.27599
0.27608
0.27617
0.27626
0.27635
0.27644
0.27653
0.27662
0.27671
0.2768
0.27689
0.27697
0.27706
0.27715
0.27724
0.27733
0.27742
0.27751
0.2776
0.27769
0.27778
0.27787
0.27795
0.27804
0.27813
0.27822
0.27831
0.2784
0.27849
0.27858
0.27867
0.27876
0.27884
0.27893
0.27902
0.27911
0.2792
0.27929
0.27938
0.27947
0.27956
0.27964
0.27973
0.27982
0.27991
0.28
0.28009
0.28018
0.28027
0.28035
0.28044
0.28053
0.28062
0.28071
0.2808
0.28089
0.28097
0.28106
0.28115
0.28124
0.28133
0.28142
0.28151
0.28159
0.28168
0.28177
0.28186
0.28195
0.28204
0.28212
0.28221
0.2823
0.28239
0.28248
0.28257
0.28265
0.28274
0.28283
0.28292
0.28301
0.2831
0.28318
0.28327
0.28336
0.28345
0.28354
0.28362
0.28371
0.2838
0.28389
0.28398
0.28407
0.28415
0.28424
0.28433
0.28442
0.28451
0.28459
0.28468
0.28477
0.28486
0.28495
0.28503
0.28512
0.28521
0.2853
0.28538
0.28547
0.28556
0.28565
0.28574
0.28582
0.28591
0.286
0.28609
0.28618
0.28626
0.28635
0.28644
0.28653
0.28661
0.2867
0.28679
0.28688
0.28697
0.28705
0.28714
0.28723
0.28732
0.2874
0.28749
0.28758
0.28767
0.28775
0.28784
0.28793
0.28802
0.2881
0.28819
0.28828
0.28837
0.28846
0.28854
0.28863
0.28872
0.28881
0.28889
0.28898
0.28907
0.28916
0.28924
0.28933
0.28942
0.28951
0.28959
0.28968
0.28977
0.28985
0.28994
0.29003
0.29012
0.2902
0.29029
0.29038
0.29047
0.29055
0.29064
0.29073
0.29082
0.2909
0.29099
0.29108
0.29117
0.29125
0.29134
0.29143
0.29151
0.2916
0.29169
0.29178
0.29186
0.29195
0.29204
0.29212
0.29221
0.2923
0.29239
0.29247
0.29256
0.29265
0.29274
0.29282
0.29291
0.293
0.29308
0.29317
0.29326
0.29335
0.29343
0.29352
0.29361
0.29369
0.29378
0.29387
0.29396
0.29404
0.29413
0.29422
0.2943
0.29439
0.29448
0.29457
0.29465
0.29474
0.29483
0.29491
0.295
0.29509
0.29518
0.29526
0.29535
0.29544
0.29552
0.29561
0.2957
0.29579
0.29587
0.29596
0.29605
0.29613
0.29622
0.29631
0.2964
0.29648
0.29657
0.29666
0.29674
0.29683
0.29692
0.29701
0.29709
0.29718
0.29727
0.29735
0.29744
0.29753
0.29761
0.2977
0.29779
0.29787
0.29796
0.29805
0.29814
0.29822
0.29831
0.2984
0.29848
0.29857
0.29866
0.29874
0.29883
0.29892
0.299
0.29909
0.29918
0.29927
0.29935
0.29944
0.29953
0.29961
0.2997
0.29979
0.29987
0.29996
0.30005
0.30013
0.30022
0.30031
0.30039
0.30048
0.30057
0.30066
0.30074
0.30083
0.30092
0.301
0.30109
0.30118
0.30126
0.30135
0.30144
0.30152
0.30161
0.3017
0.30178
0.30187
0.30196
0.30204
0.30213
0.30222
0.3023
0.30239
0.30248
0.30256
0.30265
0.30274
0.30282
0.30291
0.303
0.30308
0.30317
0.30326
0.30334
0.30343
0.30352
0.3036
0.30369
0.30378
0.30386
0.30395
0.30404
0.30412
0.30421
0.30429
0.30438
0.30447
0.30455
0.30464
0.30473
0.30481
0.3049
0.30499
0.30507
0.30516
0.30524
0.30533
0.30542
0.3055
0.30559
0.30567
0.30576
0.30585
0.30593
0.30602
0.30611
0.30619
0.30628
0.30636
0.30645
0.30653
0.30662
0.30671
0.30679
0.30688
0.30696
0.30705
0.30714
0.30722
0.30731
0.30739
0.30748
0.30757
0.30765
0.30774
0.30782
0.30791
0.30799
0.30808
0.30817
0.30825
0.30834
0.30842
0.30851
0.30859
0.30868
0.30876
0.30885
0.30893
0.30902
0.30911
0.30919
0.30928
0.30936
0.30945
0.30953
0.30962
0.3097
0.30979
0.30987
0.30996
0.31004
0.31013
0.31021
0.3103
0.31038
0.31047
0.31055
0.31064
0.31072
0.31081
0.31089
0.31098
0.31106
0.31115
0.31123
0.31132
0.3114
0.31149
0.31157
0.31166
0.31174
0.31183
0.31191
0.312
0.31208
0.31217
0.31225
0.31233
0.31242
0.3125
0.31259
0.31267
0.31276
0.31284
0.31293
0.31301
0.31309
0.31318
0.31326
0.31335
0.31343
0.31352
0.3136
0.31368
0.31377
0.31385
0.31394
0.31402
0.3141
0.31419
0.31427
0.31436
0.31444
0.31453
0.31461
0.31469
0.31478
0.31486
0.31495
0.31503
0.31511
0.3152
0.31528
0.31537
0.31545
0.31553
0.31562
0.3157
0.31578
0.31587
0.31595
0.31604
0.31612
0.3162
0.31629
0.31637
0.31646
0.31654
0.31662
0.31671
0.31679
0.31687
0.31696
0.31704
0.31713
0.31721
0.31729
0.31738
0.31746
0.31754
0.31763
0.31771
0.3178
0.31788
0.31796
0.31805
0.31813
0.31821
0.3183
0.31838
0.31847
0.31855
0.31863
0.31872
0.3188
0.31888
0.31897
0.31905
0.31914
0.31922
0.3193
0.31939
0.31947
0.31955
0.31964
0.31972
0.3198
0.31989
0.31997
0.32006
0.32014
0.32022
0.32031
0.32039
0.32047
0.32056
0.32064
0.32072
0.32081
0.32089
0.32097
0.32106
0.32114
0.32123
0.32131
0.32139
0.32148
0.32156
0.32164
0.32173
0.32181
0.32189
0.32198
0.32206
0.32214
0.32223
0.32231
0.3224
0.32248
0.32256
0.32265
0.32273
0.32281
0.3229
0.32298
0.32306
0.32315
0.32323
0.32332
0.3234
0.32348
0.32357
0.32365
0.32373
0.32382
0.3239
0.32398
0.32407
0.32415
0.32423
0.32432
0.3244
0.32449
0.32457
0.32465
0.32474
0.32482
0.3249
0.32499
0.32507
0.32515
0.32524
0.32532
0.3254
0.32549
0.32557
0.32566
0.32574
0.32582
0.32591
0.32599
0.32607
0.32616
0.32624
0.32632
0.32641
0.32649
0.32657
0.32666
0.32674
0.32683
0.32691
0.32699
0.32708
0.32716
0.32724
0.32733
0.32741
0.32749
0.32758
0.32766
0.32775
0.32783
0.32791
0.328
0.32808
0.32816
0.32825
0.32833
0.32841
0.3285
0.32858
0.32867
0.32875
0.32883
0.32892
0.329
0.32908
0.32917
0.32925
0.32933
0.32942
0.3295
0.32959
0.32967
0.32975
0.32984
0.32992
0.33
0.33009
0.33017
0.33025
0.33034
0.33042
0.33051
0.33059
0.33067
0.33076
0.33084
0.33092
0.33101
0.33109
0.33117
0.33126
0.33134
0.33143
0.33151
0.33159
0.33168
0.33176
0.33184
0.33193
0.33201
0.33209
0.33218
0.33226
0.33235
0.33243
0.33251
0.3326
0.33268
0.33276
0.33285
0.33293
0.33302
0.3331
0.33318
0.33327
0.33335
0.33343
0.33352
0.3336
0.33368
0.33377
0.33385
0.33394
0.33402
0.3341
0.33419
0.33427
0.33435
0.33444
0.33452
0.33461
0.33469
0.33477
0.33486
0.33494
0.33502
0.33511
0.33519
0.33528
0.33536
0.33544
0.33553
0.33561
0.33569
0.33578
0.33586
0.33595
0.33603
0.33611
0.3362
0.33628
0.33636
0.33645
0.33653
0.33662
0.3367
0.33678
0.33687
0.33695
0.33703
0.33712
0.3372
0.33729
0.33737
0.33745
0.33754
0.33762
0.33771
0.33779
0.33787
0.33796
0.33804
0.33812
0.33821
0.33829
0.33838
0.33846
0.33854
0.33863
0.33871
0.33879
0.33888
0.33896
0.33905
0.33913
0.33921
0.3393
0.33938
0.33947
0.33955
0.33963
0.33972
0.3398
0.33989
0.33997
0.34005
0.34014
0.34022
0.3403
0.34039
0.34047
0.34056
0.34064
0.34072
0.34081
0.34089
0.34098
0.34106
0.34114
0.34123
0.34131
0.3414
0.34148
0.34156
0.34165
0.34173
0.34182
0.3419
0.34198
0.34207
0.34215
0.34224
0.34232
0.3424
0.34249
0.34257
0.34265
0.34274
0.34282
0.34291
0.34299
0.34307
0.34316
0.34324
0.34333
0.34341
0.3435
0.34358
0.34366
0.34375
0.34383
0.34392
0.344
0.34408
0.34417
0.34425
0.34434
0.34442
0.3445
0.34459
0.34467
0.34476
0.34484
0.34492
0.34501
0.34509
0.34518
0.34526
0.34534
0.34543
0.34551
0.3456
0.34568
0.34576
0.34585
0.34593
0.34602
0.3461
0.34619
0.34627
0.34635
0.34644
0.34652
0.34661
0.34669
0.34677
0.34686
0.34694
0.34703
0.34711
0.34719
0.34728
0.34736
0.34745
0.34753
0.34762
0.3477
0.34778
0.34787
0.34795
0.34804
0.34812
0.3482
0.34829
0.34837
0.34846
0.34854
0.34863
0.34871
0.34879
0.34888
0.34896
0.34905
0.34913
0.34922
0.3493
0.34938
0.34947
0.34955
0.34964
0.34972
0.34981
0.34989
0.34997
0.35006
0.35014
0.35023
0.35031
0.3504
0.35048
0.35056
0.35065
0.35073
0.35082
0.3509
0.35099
0.35107
0.35115
0.35124
0.35132
0.35141
0.35149
0.35158
0.35166
0.35174
0.35183
0.35191
0.352
0.35208
0.35217
0.35225
0.35234
0.35242
0.3525
0.35259
0.35267
0.35276
0.35284
0.35293
0.35301
0.35309
0.35318
0.35326
0.35335
0.35343
0.35352
0.3536
0.35369
0.35377
0.35385
0.35394
0.35402
0.35411
0.35419
0.35428
0.35436
0.35445
0.35453
0.35461
0.3547
0.35478
0.35487
0.35495
0.35504
0.35512
0.35521
0.35529
0.35538
0.35546
0.35554
0.35563
0.35571
0.3558
0.35588
0.35597
0.35605
0.35614
0.35622
0.35631
0.35639
0.35647
0.35656
0.35664
0.35673
0.35681
0.3569
0.35698
0.35707
0.35715
0.35724
0.35732
0.3574
0.35749
0.35757
0.35766
0.35774
0.35783
0.35791
0.358
0.35808
0.35817
0.35825
0.35834
0.35842
0.35851
0.35859
0.35867
0.35876
0.35884
0.35893
0.35901
0.3591
0.35918
0.35927
0.35935
0.35944
0.35952
0.35961
0.35969
0.35978
0.35986
0.35995
0.36003
0.36012
0.3602
0.36028
0.36037
0.36045
0.36054
0.36062
0.36071
0.36079
0.36088
0.36096
0.36105
0.36113
0.36122
0.3613
0.36139
0.36147
0.36156
0.36164
0.36173
0.36181
0.3619
0.36198
0.36207
0.36215
0.36224
0.36232
0.3624
0.36249
0.36257
0.36266
0.36274
0.36283
0.36291
0.363
0.36308
0.36317
0.36325
0.36334
0.36342
0.36351
0.36359
0.36368
0.36376
0.36385
0.36393
0.36402
0.3641
0.36419
0.36427
0.36436
0.36444
0.36453
0.36461
0.3647
0.36478
0.36487
0.36495
0.36504
0.36512
0.36521
0.36529
0.36538
0.36546
0.36555
0.36563
0.36572
0.3658
0.36589
0.36597
0.36606
0.36614
0.36623
0.36631
0.3664
0.36648
0.36657
0.36665
0.36674
0.36682
0.36691
0.36699
0.36708
0.36716
0.36725
0.36733
0.36742
0.3675
0.36759
0.36768
0.36776
0.36785
0.36793
0.36802
0.3681
0.36819
0.36827
0.36836
0.36844
0.36853
0.36861
0.3687
0.36878
0.36887
0.36895
0.36904
0.36912
0.36921
0.36929
0.36938
0.36946
0.36955
0.36963
0.36972
0.36981
0.36989
0.36998
0.37006
0.37015
0.37023
0.37032
0.3704
0.37049
0.37057
0.37066
0.37074
0.37083
0.37091
0.371
0.37109
0.37117
0.37126
0.37134
0.37143
0.37151
0.3716
0.37168
0.37177
0.37185
0.37194
0.37202
0.37211
0.3722
0.37228
0.37237
0.37245
0.37254
0.37262
0.37271
0.37279
0.37288
0.37296
0.37305
0.37314
0.37322
0.37331
0.37339
0.37348
0.37356
0.37365
0.37373
0.37382
0.3739
0.37399
0.37408
0.37416
0.37425
0.37433
0.37442
0.3745
0.37459
0.37467
0.37476
0.37485
0.37493
0.37502
0.3751
0.37519
0.37527
0.37536
0.37544
0.37553
0.37562
0.3757
0.37579
0.37587
0.37596
0.37604
0.37613
0.37622
0.3763
0.37639
0.37647
0.37656
0.37664
0.37673
0.37681
0.3769
0.37699
0.37707
0.37716
0.37724
0.37733
0.37741
0.3775
0.37759
0.37767
0.37776
0.37784
0.37793
0.37801
0.3781
0.37819
0.37827
0.37836
0.37844
0.37853
0.37862
0.3787
0.37879
0.37887
0.37896
0.37904
0.37913
0.37922
0.3793
0.37939
0.37947
0.37956
0.37964
0.37973
0.37982
0.3799
0.37999
0.38007
0.38016
0.38025
0.38033
0.38042
0.3805
0.38059
0.38068
0.38076
0.38085
0.38093
0.38102
0.38111
0.38119
0.38128
0.38136
0.38145
0.38154
0.38162
0.38171
0.38179
0.38188
0.38197
0.38205
0.38214
0.38222
0.38231
0.3824
0.38248
0.38257
0.38265
0.38274
0.38283
0.38291
0.383
0.38308
0.38317
0.38326
0.38334
0.38343
0.38351
0.3836
0.38369
0.38377
0.38386
0.38394
0.38403
0.38412
0.3842
0.38429
0.38438
0.38446
0.38455
0.38463
0.38472
0.38481
0.38489
0.38498
0.38506
0.38515
0.38524
0.38532
0.38541
0.3855
0.38558
0.38567
0.38575
0.38584
0.38593
0.38601
0.3861
0.38619
0.38627
0.38636
0.38645
0.38653
0.38662
0.3867
0.38679
0.38688
0.38696
0.38705
0.38714
0.38722
0.38731
0.3874
0.38748
0.38757
0.38765
0.38774
0.38783
0.38791
0.388
0.38809
0.38817
0.38826
0.38835
0.38843
0.38852
0.38861
0.38869
0.38878
0.38886
0.38895
0.38904
0.38912
0.38921
0.3893
0.38938
0.38947
0.38956
0.38964
0.38973
0.38982
0.3899
0.38999
0.39008
0.39016
0.39025
0.39034
0.39042
0.39051
0.39059
0.39068
0.39077
0.39085
0.39094
0.39103
0.39111
0.3912
0.39129
0.39137
0.39146
0.39155
0.39163
0.39172
0.39181
0.39189
0.39198
0.39207
0.39215
0.39224
0.39233
0.39241
0.3925
0.39259
0.39267
0.39276
0.39285
0.39293
0.39302
0.39311
0.39319
0.39328
0.39337
0.39345
0.39354
0.39363
0.39372
0.3938
0.39389
0.39398
0.39406
0.39415
0.39424
0.39432
0.39441
0.3945
0.39458
0.39467
0.39476
0.39484
0.39493
0.39502
0.3951
0.39519
0.39528
0.39537
0.39545
0.39554
0.39563
0.39571
0.3958
0.39589
0.39597
0.39606
0.39615
0.39623
0.39632
0.39641
0.39649
0.39658
0.39667
0.39676
0.39684
0.39693
0.39702
0.3971
0.39719
0.39728
0.39736
0.39745
0.39754
0.39763
0.39771
0.3978
0.39789
0.39797
0.39806
0.39815
0.39823
0.39832
0.39841
0.3985
0.39858
0.39867
0.39876
0.39884
0.39893
0.39902
0.39911
0.39919
0.39928
0.39937
0.39945
0.39954
0.39963
0.39972
0.3998
0.39989
0.39998
0.40006
0.40015
0.40024
0.40033
0.40041
0.4005
0.40059
0.40067
0.40076
0.40085
0.40094
0.40102
0.40111
0.4012
0.40128
0.40137
0.40146
0.40155
0.40163
0.40172
0.40181
0.4019
0.40198
0.40207
0.40216
0.40224
0.40233
0.40242
0.40251
0.40259
0.40268
0.40277
0.40286
0.40294
0.40303
0.40312
0.4032
0.40329
0.40338
0.40347
0.40355
0.40364
0.40373
0.40382
0.4039
0.40399
0.40408
0.40417
0.40425
0.40434
0.40443
0.40451
0.4046
0.40469
0.40478
0.40486
0.40495
0.40504
0.40513
0.40521
0.4053
0.40539
0.40548
0.40556
0.40565
0.40574
0.40583
0.40591
0.406
0.40609
0.40618
0.40626
0.40635
0.40644
0.40653
0.40661
0.4067
0.40679
0.40688
0.40696
0.40705
0.40714
0.40723
0.40731
0.4074
0.40749
0.40758
0.40766
0.40775
0.40784
0.40793
0.40801
0.4081
0.40819
0.40828
0.40836
0.40845
0.40854
0.40863
0.40872
0.4088
0.40889
0.40898
0.40907
0.40915
0.40924
0.40933
0.40942
0.4095
0.40959
0.40968
0.40977
0.40985
0.40994
0.41003
0.41012
0.41021
0.41029
0.41038
0.41047
0.41056
0.41064
0.41073
0.41082
0.41091
0.41099
0.41108
0.41117
0.41126
0.41135
0.41143
0.41152
0.41161
0.4117
0.41178
0.41187
0.41196
0.41205
0.41214
0.41222
0.41231
0.4124
0.41249
0.41257
0.41266
0.41275
0.41284
0.41293
0.41301
0.4131
0.41319
0.41328
0.41337
0.41345
0.41354
0.41363
0.41372
0.4138
0.41389
0.41398
0.41407
0.41416
0.41424
0.41433
0.41442
0.41451
0.4146
0.41468
0.41477
0.41486
0.41495
0.41504
0.41512
0.41521
0.4153
0.41539
0.41547
0.41556
0.41565
0.41574
0.41583
0.41591
0.416
0.41609
0.41618
0.41627
0.41635
0.41644
0.41653
0.41662
0.41671
0.41679
0.41688
0.41697
0.41706
0.41715
0.41723
0.41732
0.41741
0.4175
0.41759
0.41768
0.41776
0.41785
0.41794
0.41803
0.41812
0.4182
0.41829
0.41838
0.41847
0.41856
0.41864
0.41873
0.41882
0.41891
0.419
0.41908
0.41917
0.41926
0.41935
0.41944
0.41953
0.41961
0.4197
0.41979
0.41988
0.41997
0.42005
0.42014
0.42023
0.42032
0.42041
0.4205
0.42058
0.42067
0.42076
0.42085
0.42094
0.42103
0.42111
0.4212
0.42129
0.42138
0.42147
0.42155
0.42164
0.42173
0.42182
0.42191
0.422
0.42208
0.42217
0.42226
0.42235
0.42244
0.42253
0.42261
0.4227
0.42279
0.42288
0.42297
0.42306
0.42314
0.42323
0.42332
0.42341
0.4235
0.42359
0.42367
0.42376
0.42385
0.42394
0.42403
0.42412
0.4242
0.42429
0.42438
0.42447
0.42456
0.42465
0.42474
0.42482
0.42491
0.425
0.42509
0.42518
0.42527
0.42535
0.42544
0.42553
0.42562
0.42571
0.4258
0.42589
0.42597
0.42606
0.42615
0.42624
0.42633
0.42642
0.4265
0.42659
0.42668
0.42677
0.42686
0.42695
0.42704
0.42712
0.42721
0.4273
0.42739
0.42748
0.42757
0.42766
0.42774
0.42783
0.42792
0.42801
0.4281
0.42819
0.42828
0.42836
0.42845
0.42854
0.42863
0.42872
0.42881
0.4289
0.42899
0.42907
0.42916
0.42925
0.42934
0.42943
0.42952
0.42961
0.42969
0.42978
0.42987
0.42996
0.43005
0.43014
0.43023
0.43032
0.4304
0.43049
0.43058
0.43067
0.43076
0.43085
0.43094
0.43102
0.43111
0.4312
0.43129
0.43138
0.43147
0.43156
0.43165
0.43173
0.43182
0.43191
0.432
0.43209
0.43218
0.43227
0.43236
0.43245
0.43253
0.43262
0.43271
0.4328
0.43289
0.43298
0.43307
0.43316
0.43324
0.43333
0.43342
0.43351
0.4336
0.43369
0.43378
0.43387
0.43396
0.43404
0.43413
0.43422
0.43431
0.4344
0.43449
0.43458
0.43467
0.43476
0.43484
0.43493
0.43502
0.43511
0.4352
0.43529
0.43538
0.43547
0.43556
0.43565
0.43573
0.43582
0.43591
0.436
0.43609
0.43618
0.43627
0.43636
0.43645
0.43654
0.43662
0.43671
0.4368
0.43689
0.43698
0.43707
0.43716
0.43725
0.43734
0.43743
0.43751
0.4376
0.43769
0.43778
0.43787
0.43796
0.43805
0.43814
0.43823
0.43832
0.43841
0.4385
0.43858
0.43867
0.43876
0.43885
0.43894
0.43903
0.43912
0.43921
0.4393
0.43939
0.43948
0.43956
0.43965
0.43974
0.43983
0.43992
0.44001
0.4401
0.44019
0.44028
0.44037
0.44046
0.44055
0.44064
0.44072
0.44081
0.4409
0.44099
0.44108
0.44117
0.44126
0.44135
0.44144
0.44153
0.44162
0.44171
0.4418
0.44189
0.44197
0.44206
0.44215
0.44224
0.44233
0.44242
0.44251
0.4426
0.44269
0.44278
0.44287
0.44296
0.44305
0.44314
0.44323
0.44331
0.4434
0.44349
0.44358
0.44367
0.44376
0.44385
0.44394
0.44403
0.44412
0.44421
0.4443
0.44439
0.44448
0.44457
0.44466
0.44474
0.44483
0.44492
0.44501
0.4451
0.44519
0.44528
0.44537
0.44546
0.44555
0.44564
0.44573
0.44582
0.44591
0.446
0.44609
0.44618
0.44627
0.44636
0.44645
0.44653
0.44662
0.44671
0.4468
0.44689
0.44698
0.44707
0.44716
0.44725
0.44734
0.44743
0.44752
0.44761
0.4477
0.44779
0.44788
0.44797
0.44806
0.44815
0.44824
0.44833
0.44842
0.44851
0.4486
0.44868
0.44877
0.44886
0.44895
0.44904
0.44913
0.44922
0.44931
0.4494
0.44949
0.44958
0.44967
0.44976
0.44985
0.44994
0.45003
0.45012
0.45021
0.4503
0.45039
0.45048
0.45057
0.45066
0.45075
0.45084
0.45093
0.45102
0.45111
0.4512
0.45129
0.45138
0.45147
0.45156
0.45165
0.45174
0.45182
0.45191
0.452
0.45209
0.45218
0.45227
0.45236
0.45245
0.45254
0.45263
0.45272
0.45281
0.4529
0.45299
0.45308
0.45317
0.45326
0.45335
0.45344
0.45353
0.45362
0.45371
0.4538
0.45389
0.45398
0.45407
0.45416
0.45425
0.45434
0.45443
0.45452
0.45461
0.4547
0.45479
0.45488
0.45497
0.45506
0.45515
0.45524
0.45533
0.45542
0.45551
0.4556
0.45569
0.45578
0.45587
0.45596
0.45605
0.45614
0.45623
0.45632
0.45641
0.4565
0.45659
0.45668
0.45677
0.45686
0.45695
0.45704
0.45713
0.45722
0.45731
0.4574
0.45749
0.45758
0.45767
0.45776
0.45785
0.45794
0.45803
0.45812
0.45821
0.4583
0.45839
0.45848
0.45857
0.45866
0.45875
0.45884
0.45893
0.45902
0.45911
0.4592
0.45929
0.45938
0.45947
0.45956
0.45965
0.45974
0.45983
0.45992
0.46001
0.4601
0.46019
0.46028
0.46037
0.46047
0.46056
0.46065
0.46074
0.46083
0.46092
0.46101
0.4611
0.46119
0.46128
0.46137
0.46146
0.46155
0.46164
0.46173
0.46182
0.46191
0.462
0.46209
0.46218
0.46227
0.46236
0.46245
0.46254
0.46263
0.46272
0.46281
0.4629
0.46299
0.46308
0.46317
0.46326
0.46335
0.46344
0.46354
0.46363
0.46372
0.46381
0.4639
0.46399
0.46408
0.46417
0.46426
0.46435
0.46444
0.46453
0.46462
0.46471
0.4648
0.46489
0.46498
0.46507
0.46516
0.46525
0.46534
0.46543
0.46552
0.46562
0.46571
0.4658
0.46589
0.46598
0.46607
0.46616
0.46625
0.46634
0.46643
0.46652
0.46661
0.4667
0.46679
0.46688
0.46697
0.46706
0.46715
0.46724
0.46733
0.46743
0.46752
0.46761
0.4677
0.46779
0.46788
0.46797
0.46806
0.46815
0.46824
0.46833
0.46842
0.46851
0.4686
0.46869
0.46878
0.46887
0.46897
0.46906
0.46915
0.46924
0.46933
0.46942
0.46951
0.4696
0.46969
0.46978
0.46987
0.46996
0.47005
0.47014
0.47023
0.47033
0.47042
0.47051
0.4706
0.47069
0.47078
0.47087
0.47096
0.47105
0.47114
0.47123
0.47132
0.47141
0.4715
0.4716
0.47169
0.47178
0.47187
0.47196
0.47205
0.47214
0.47223
0.47232
0.47241
0.4725
0.47259
0.47268
0.47278
0.47287
0.47296
0.47305
0.47314
0.47323
0.47332
0.47341
0.4735
0.47359
0.47368
0.47377
0.47387
0.47396
0.47405
0.47414
0.47423
0.47432
0.47441
0.4745
0.47459
0.47468
0.47477
0.47487
0.47496
0.47505
0.47514
0.47523
0.47532
0.47541
0.4755
0.47559
0.47568
0.47577
0.47586
0.47596
0.47605
0.47614
0.47623
0.47632
0.47641
0.4765
0.47659
0.47668
0.47677
0.47686
0.47696
0.47705
0.47714
0.47723
0.47732
0.47741
0.4775
0.47759
0.47768
0.47777
0.47786
0.47796
0.47805
0.47814
0.47823
0.47832
0.47841
0.4785
0.47859
0.47868
0.47877
0.47886
0.47895
0.47905
0.47914
0.47923
0.47932
0.47941
0.4795
0.47959
0.47968
0.47977
0.47986
0.47995
0.48004
0.48014
0.48023
0.48032
0.48041
0.4805
0.48059
0.48068
0.48077
0.48086
0.48095
0.48104
0.48113
0.48123
0.48132
0.48141
0.4815
0.48159
0.48168
0.48177
0.48186
0.48195
0.48204
0.48213
0.48222
0.48232
0.48241
0.4825
0.48259
0.48268
0.48277
0.48286
0.48295
0.48304
0.48313
0.48322
0.48331
0.48341
0.4835
0.48359
0.48368
0.48377
0.48386
0.48395
0.48404
0.48413
0.48422
0.48431
0.48441
0.4845
0.48459
0.48468
0.48477
0.48486
0.48495
0.48504
0.48513
0.48522
0.48532
0.48541
0.4855
0.48559
0.48568
0.48577
0.48586
0.48595
0.48604
0.48614
0.48623
0.48632
0.48641
0.4865
0.48659
0.48668
0.48677
0.48687
0.48696
0.48705
0.48714
0.48723
0.48732
0.48741
0.4875
0.4876
0.48769
0.48778
0.48787
0.48796
0.48805
0.48814
0.48824
0.48833
0.48842
0.48851
0.4886
0.48869
0.48878
0.48888
0.48897
0.48906
0.48915
0.48924
0.48933
0.48942
0.48952
0.48961
0.4897
0.48979
0.48988
0.48997
0.49006
0.49016
0.49025
0.49034
0.49043
0.49052
0.49061
0.4907
0.4908
0.49089
0.49098
0.49107
0.49116
0.49125
0.49134
0.49144
0.49153
0.49162
0.49171
0.4918
0.49189
0.49199
0.49208
0.49217
0.49226
0.49235
0.49244
0.49253
0.49263
0.49272
0.49281
0.4929
0.49299
0.49308
0.49318
0.49327
0.49336
0.49345
0.49354
0.49363
0.49373
0.49382
0.49391
0.494
0.49409
0.49418
0.49428
0.49437
0.49446
0.49455
0.49464
0.49473
0.49483
0.49492
0.49501
0.4951
0.49519
0.49528
0.49538
0.49547
0.49556
0.49565
0.49574
0.49583
0.49593
0.49602
0.49611
0.4962
0.49629
0.49639
0.49648
0.49657
0.49666
0.49675
0.49684
0.49694
0.49703
0.49712
0.49721
0.4973
0.4974
0.49749
0.49758
0.49767
0.49776
0.49786
0.49795
0.49804
0.49813
0.49822
0.49832
0.49841
0.4985
0.49859
0.49868
0.49878
0.49887
0.49896
0.49905
0.49914
0.49924
0.49933
0.49942
0.49951
0.49961
0.4997
0.49979
0.49988
0.49997
0.50007
0.50016
0.50025
0.50034
0.50044
0.50053
0.50062
0.50071
0.5008
0.5009
0.50099
0.50108
0.50117
0.50127
0.50136
0.50145
0.50154
0.50164
0.50173
0.50182
0.50191
0.502
0.5021
0.50219
0.50228
0.50237
0.50247
0.50256
0.50265
0.50274
0.50284
0.50293
0.50302
0.50311
0.50321
0.5033
0.50339
0.50348
0.50358
0.50367
0.50376
0.50385
0.50395
0.50404
0.50413
0.50422
0.50432
0.50441
0.5045
0.50459
0.50469
0.50478
0.50487
0.50496
0.50506
0.50515
0.50524
0.50534
0.50543
0.50552
0.50561
0.50571
0.5058
0.50589
0.50598
0.50608
0.50617
0.50626
0.50636
0.50645
0.50654
0.50663
0.50673
0.50682
0.50691
0.507
0.5071
0.50719
0.50728
0.50738
0.50747
0.50756
0.50765
0.50775
0.50784
0.50793
0.50803
0.50812
0.50821
0.50831
0.5084
0.50849
0.50858
0.50868
0.50877
0.50886
0.50896
0.50905
0.50914
0.50924
0.50933
0.50942
0.50952
0.50961
0.5097
0.5098
0.50989
0.50998
0.51007
0.51017
0.51026
0.51035
0.51045
0.51054
0.51063
0.51073
0.51082
0.51091
0.51101
0.5111
0.51119
0.51129
0.51138
0.51148
0.51157
0.51166
0.51176
0.51185
0.51194
0.51204
0.51213
0.51222
0.51232
0.51241
0.5125
0.5126
0.51269
0.51279
0.51288
0.51297
0.51307
0.51316
0.51325
0.51335
0.51344
0.51354
0.51363
0.51372
0.51382
0.51391
0.514
0.5141
0.51419
0.51429
0.51438
0.51447
0.51457
0.51466
0.51476
0.51485
0.51494
0.51504
0.51513
0.51523
0.51532
0.51541
0.51551
0.5156
0.5157
0.51579
0.51588
0.51598
0.51607
0.51617
0.51626
0.51636
0.51645
0.51654
0.51664
0.51673
0.51683
0.51692
0.51701
0.51711
0.5172
0.5173
0.51739
0.51749
0.51758
0.51767
0.51777
0.51786
0.51796
0.51805
0.51815
0.51824
0.51833
0.51843
0.51852
0.51862
0.51871
0.51881
0.5189
0.51899
0.51909
0.51918
0.51928
0.51937
0.51947
0.51956
0.51966
0.51975
0.51984
0.51994
0.52003
0.52013
0.52022
0.52032
0.52041
0.52051
0.5206
0.5207
0.52079
0.52088
0.52098
0.52107
0.52117
0.52126
0.52136
0.52145
0.52155
0.52164
0.52174
0.52183
0.52192
0.52202
0.52211
0.52221
0.5223
0.5224
0.52249
0.52259
0.52268
0.52278
0.52287
0.52297
0.52306
0.52316
0.52325
0.52334
0.52344
0.52353
0.52363
0.52372
0.52382
0.52391
0.52401
0.5241
0.5242
0.52429
0.52439
0.52448
0.52458
0.52467
0.52477
0.52486
0.52496
0.52505
0.52515
0.52524
0.52534
0.52543
0.52552
0.52562
0.52571
0.52581
0.5259
0.526
0.52609
0.52619
0.52628
0.52638
0.52647
0.52657
0.52666
0.52676
0.52685
0.52695
0.52704
0.52714
0.52723
0.52733
0.52742
0.52752
0.52761
0.52771
0.5278
0.5279
0.52799
0.52809
0.52818
0.52828
0.52837
0.52847
0.52856
0.52866
0.52875
0.52885
0.52894
0.52904
0.52913
0.52923
0.52932
0.52942
0.52951
0.52961
0.52971
0.5298
0.5299
0.52999
0.53009
0.53018
0.53028
0.53037
0.53047
0.53056
0.53066
0.53075
0.53085
0.53094
0.53104
0.53113
0.53123
0.53132
0.53142
0.53152
0.53161
0.53171
0.5318
0.5319
0.53199
0.53209
0.53218
0.53228
0.53237
0.53247
0.53256
0.53266
0.53276
0.53285
0.53295
0.53304
0.53314
0.53323
0.53333
0.53342
0.53352
0.53361
0.53371
0.53381
0.5339
0.534
0.53409
0.53419
0.53428
0.53438
0.53447
0.53457
0.53467
0.53476
0.53486
0.53495
0.53505
0.53514
0.53524
0.53534
0.53543
0.53553
0.53562
0.53572
0.53581
0.53591
0.53601
0.5361
0.5362
0.53629
0.53639
0.53649
0.53658
0.53668
0.53677
0.53687
0.53696
0.53706
0.53716
0.53725
0.53735
0.53744
0.53754
0.53764
0.53773
0.53783
0.53792
0.53802
0.53812
0.53821
0.53831
0.5384
0.5385
0.5386
0.53869
0.53879
0.53888
0.53898
0.53908
0.53917
0.53927
0.53936
0.53946
0.53956
0.53965
0.53975
0.53984
0.53994
0.54004
0.54013
0.54023
0.54033
0.54042
0.54052
0.54061
0.54071
0.54081
0.5409
0.541
0.5411
0.54119
0.54129
0.54138
0.54148
0.54158
0.54167
0.54177
0.54187
0.54196
0.54206
0.54216
0.54225
0.54235
0.54245
0.54254
0.54264
0.54273
0.54283
0.54293
0.54302
0.54312
0.54322
0.54331
0.54341
0.54351
0.5436
0.5437
0.5438
0.54389
0.54399
0.54409
0.54418
0.54428
0.54438
0.54447
0.54457
0.54467
0.54476
0.54486
0.54496
0.54505
0.54515
0.54525
0.54534
0.54544
0.54554
0.54563
0.54573
0.54583
0.54592
0.54602
0.54612
0.54621
0.54631
0.54641
0.54651
0.5466
0.5467
0.5468
0.54689
0.54699
0.54709
0.54718
0.54728
0.54738
0.54748
0.54757
0.54767
0.54777
0.54786
0.54796
0.54806
0.54816
0.54825
0.54835
0.54845
0.54854
0.54864
0.54874
0.54884
0.54893
0.54903
0.54913
0.54923
0.54932
0.54942
0.54952
0.54961
0.54971
0.54981
0.54991
0.55
0.5501
0.5502
0.5503
0.55039
0.55049
0.55059
0.55068
0.55078
0.55088
0.55098
0.55107
0.55117
0.55127
0.55137
0.55146
0.55156
0.55166
0.55176
0.55185
0.55195
0.55205
0.55215
0.55224
0.55234
0.55244
0.55254
0.55264
0.55273
0.55283
0.55293
0.55303
0.55312
0.55322
0.55332
0.55342
0.55351
0.55361
0.55371
0.55381
0.55391
0.554
0.5541
0.5542
0.5543
0.5544
0.55449
0.55459
0.55469
0.55479
0.55488
0.55498
0.55508
0.55518
0.55528
0.55537
0.55547
0.55557
0.55567
0.55577
0.55587
0.55596
0.55606
0.55616
0.55626
0.55636
0.55645
0.55655
0.55665
0.55675
0.55685
0.55694
0.55704
0.55714
0.55724
0.55734
0.55744
0.55753
0.55763
0.55773
0.55783
0.55793
0.55803
0.55812
0.55822
0.55832
0.55842
0.55852
0.55862
0.55872
0.55881
0.55891
0.55901
0.55911
0.55921
0.55931
0.5594
0.5595
0.5596
0.5597
0.5598
0.5599
0.56
0.56009
0.56019
0.56029
0.56039
0.56049
0.56059
0.56069
0.56078
0.56088
0.56098
0.56108
0.56118
0.56128
0.56138
0.56148
0.56157
0.56167
0.56177
0.56187
0.56197
0.56207
0.56217
0.56227
0.56236
0.56246
0.56256
0.56266
0.56276
0.56286
0.56296
0.56306
0.56315
0.56325
0.56335
0.56345
0.56355
0.56365
0.56375
0.56385
0.56395
0.56404
0.56414
0.56424
0.56434
0.56444
0.56454
0.56464
0.56474
0.56484
0.56494
0.56503
0.56513
0.56523
0.56533
0.56543
0.56553
0.56563
0.56573
0.56583
0.56593
0.56602
0.56612
0.56622
0.56632
0.56642
0.56652
0.56662
0.56672
0.56682
0.56692
0.56702
0.56711
0.56721
0.56731
0.56741
0.56751
0.56761
0.56771
0.56781
0.56791
0.56801
0.56811
0.56821
0.56831
0.5684
0.5685
0.5686
0.5687
0.5688
0.5689
0.569
0.5691
0.5692
0.5693
0.5694
0.5695
0.5696
0.56969
0.56979
0.56989
0.56999
0.57009
0.57019
0.57029
0.57039
0.57049
0.57059
0.57069
0.57079
0.57089
0.57099
0.57109
0.57119
0.57128
0.57138
0.57148
0.57158
0.57168
0.57178
0.57188
0.57198
0.57208
0.57218
0.57228
0.57238
0.57248
0.57258
0.57268
0.57278
0.57288
0.57298
0.57308
0.57318
0.57327
0.57337
0.57347
0.57357
0.57367
0.57377
0.57387
0.57397
0.57407
0.57417
0.57427
0.57437
0.57447
0.57457
0.57467
0.57477
0.57487
0.57497
0.57507
0.57517
0.57527
0.57537
0.57547
0.57557
0.57567
0.57577
0.57587
0.57597
0.57606
0.57616
0.57626
0.57636
0.57646
0.57656
0.57666
0.57676
0.57686
0.57696
0.57706
0.57716
0.57726
0.57736
0.57746
0.57756
0.57766
0.57776
0.57786
0.57796
0.57806
0.57816
0.57826
0.57836
0.57846
0.57856
0.57866
0.57876
0.57886
0.57896
0.57906
0.57916
0.57926
0.57936
0.57946
0.57956
0.57966
0.57976
0.57986
0.57996
0.58006
0.58016
0.58026
0.58036
0.58046
0.58056
0.58066
0.58076
0.58086
0.58096
0.58106
0.58116
0.58126
0.58136
0.58146
0.58156
0.58166
0.58176
0.58186
0.58196
0.58206
0.58216
0.58226
0.58236
0.58246
0.58256
0.58266
0.58276
0.58286
0.58296
0.58307
0.58317
0.58327
0.58337
0.58347
0.58357
0.58367
0.58377
0.58387
0.58397
0.58407
0.58417
0.58427
0.58437
0.58447
0.58457
0.58467
0.58477
0.58487
0.58497
0.58507
0.58518
0.58528
0.58538
0.58548
0.58558
0.58568
0.58578
0.58588
0.58598
0.58608
0.58618
0.58628
0.58638
0.58648
0.58659
0.58669
0.58679
0.58689
0.58699
0.58709
0.58719
0.58729
0.58739
0.58749
0.58759
0.58769
0.5878
0.5879
0.588
0.5881
0.5882
0.5883
0.5884
0.5885
0.5886
0.5887
0.58881
0.58891
0.58901
0.58911
0.58921
0.58931
0.58941
0.58951
0.58961
0.58971
0.58982
0.58992
0.59002
0.59012
0.59022
0.59032
0.59042
0.59052
0.59062
0.59072
0.59083
0.59093
0.59103
0.59113
0.59123
0.59133
0.59143
0.59153
0.59164
0.59174
0.59184
0.59194
0.59204
0.59214
0.59224
0.59234
0.59245
0.59255
0.59265
0.59275
0.59285
0.59295
0.59305
0.59315
0.59326
0.59336
0.59346
0.59356
0.59366
0.59376
0.59386
0.59396
0.59407
0.59417
0.59427
0.59437
0.59447
0.59457
0.59467
0.59477
0.59488
0.59498
0.59508
0.59518
0.59528
0.59538
0.59548
0.59559
0.59569
0.59579
0.59589
0.59599
0.59609
0.59619
0.59629
0.5964
0.5965
0.5966
0.5967
0.5968
0.5969
0.597
0.59711
0.59721
0.59731
0.59741
0.59751
0.59761
0.59771
0.59782
0.59792
0.59802
0.59812
0.59822
0.59832
0.59842
0.59853
0.59863
0.59873
0.59883
0.59893
0.59903
0.59913
0.59924
0.59934
0.59944
0.59954
0.59964
0.59974
0.59985
0.59995
0.60005
0.60015
0.60025
0.60035
0.60045
0.60056
0.60066
0.60076
0.60086
0.60096
0.60106
0.60116
0.60127
0.60137
0.60147
0.60157
0.60167
0.60177
0.60188
0.60198
0.60208
0.60218
0.60228
0.60238
0.60249
0.60259
0.60269
0.60279
0.60289
0.60299
0.6031
0.6032
0.6033
0.6034
0.6035
0.6036
0.60371
0.60381
0.60391
0.60401
0.60411
0.60422
0.60432
0.60442
0.60452
0.60462
0.60472
0.60483
0.60493
0.60503
0.60513
0.60523
0.60533
0.60544
0.60554
0.60564
0.60574
0.60584
0.60594
0.60605
0.60615
0.60625
0.60635
0.60645
0.60656
0.60666
0.60676
0.60686
0.60697
0.60707
0.60717
0.60727
0.60737
0.60747
0.60758
0.60768
0.60778
0.60788
0.60798
0.60809
0.60819
0.60829
0.60839
0.6085
0.6086
0.6087
0.6088
0.6089
0.60901
0.60911
0.60921
0.60931
0.60941
0.60952
0.60962
0.60972
0.60982
0.60993
0.61003
0.61013
0.61023
0.61033
0.61044
0.61054
0.61064
0.61074
0.61085
0.61095
0.61105
0.61115
0.61125
0.61136
0.61146
0.61156
0.61166
0.61177
0.61187
0.61197
0.61207
0.61218
0.61228
0.61238
0.61248
0.61259
0.61269
0.61279
0.61289
0.613
0.6131
0.6132
0.6133
0.61341
0.61351
0.61361
0.61371
0.61382
0.61392
0.61402
0.61412
0.61423
0.61433
0.61443
0.61453
0.61464
0.61474
0.61484
0.61495
0.61505
0.61515
0.61525
0.61536
0.61546
0.61556
0.61567
0.61577
0.61587
0.61597
0.61608
0.61618
0.61628
0.61638
0.61649
0.61659
0.61669
0.61679
0.6169
0.617
0.6171
0.61721
0.61731
0.61741
0.61751
0.61762
0.61772
0.61782
0.61793
0.61803
0.61813
0.61824
0.61834
0.61844
0.61855
0.61865
0.61875
0.61886
0.61896
0.61906
0.61917
0.61927
0.61937
0.61947
0.61958
0.61968
0.61978
0.61989
0.61999
0.62009
0.6202
0.6203
0.6204
0.62051
0.62061
0.62071
0.62082
0.62092
0.62102
0.62113
0.62123
0.62133
0.62144
0.62154
0.62164
0.62175
0.62185
0.62195
0.62206
0.62216
0.62226
0.62237
0.62247
0.62258
0.62268
0.62278
0.62289
0.62299
0.6231
0.6232
0.6233
0.62341
0.62351
0.62362
0.62372
0.62382
0.62393
0.62403
0.62413
0.62424
0.62434
0.62445
0.62455
0.62465
0.62476
0.62486
0.62497
0.62507
0.62517
0.62528
0.62538
0.62549
0.62559
0.6257
0.6258
0.62591
0.62601
0.62611
0.62622
0.62632
0.62643
0.62653
0.62664
0.62674
0.62685
0.62695
0.62705
0.62716
0.62726
0.62737
0.62747
0.62758
0.62768
0.62778
0.62789
0.62799
0.6281
0.6282
0.62831
0.62841
0.62852
0.62862
0.62873
0.62883
0.62894
0.62904
0.62915
0.62925
0.62936
0.62946
0.62957
0.62967
0.62978
0.62988
0.62999
0.63009
0.6302
0.6303
0.63041
0.63051
0.63062
0.63072
0.63083
0.63093
0.63104
0.63114
0.63125
0.63135
0.63146
0.63157
0.63167
0.63178
0.63188
0.63199
0.63209
0.6322
0.63231
0.63241
0.63252
0.63262
0.63273
0.63284
0.63294
0.63305
0.63316
0.63326
0.63337
0.63348
0.63358
0.63369
0.6338
0.6339
0.63401
0.63411
0.63422
0.63433
0.63443
0.63454
0.63465
0.63475
0.63486
0.63496
0.63507
0.63518
0.63528
0.63539
0.6355
0.6356
0.63571
0.63582
0.63593
0.63603
0.63614
0.63625
0.63635
0.63646
0.63657
0.63668
0.63679
0.63689
0.637
0.63711
0.63722
0.63732
0.63743
0.63754
0.63765
0.63776
0.63786
0.63797
0.63808
0.63819
0.6383
0.63841
0.63851
0.63862
0.63873
0.63884
0.63895
0.63905
0.63916
0.63927
0.63938
0.63949
0.63959
0.6397
0.63981
0.63992
0.64003
0.64013
0.64024
0.64035
0.64046
0.64057
0.64068
0.64079
0.64089
0.641
0.64111
0.64122
0.64133
0.64144
0.64155
0.64166
0.64177
0.64188
0.64199
0.6421
0.64221
0.64232
0.64243
0.64254
0.64265
0.64276
0.64287
0.64298
0.64309
0.6432
0.64331
0.64342
0.64353
0.64364
0.64375
0.64386
0.64397
0.64408
0.64419
0.6443
0.64441
0.64452
0.64463
0.64474
0.64485
0.64496
0.64507
0.64519
0.6453
0.64541
0.64552
0.64563
0.64574
0.64585
0.64596
0.64608
0.64619
0.6463
0.64641
0.64652
0.64663
0.64674
0.64686
0.64697
0.64708
0.64719
0.6473
0.64742
0.64753
0.64764
0.64775
0.64786
0.64798
0.64809
0.6482
0.64831
0.64842
0.64854
0.64865
0.64876
0.64887
0.64899
0.6491
0.64921
0.64932
0.64944
0.64955
0.64966
0.64978
0.64989
0.65
0.65011
0.65023
0.65034
0.65045
0.65057
0.65068
0.65079
0.65091
0.65102
0.65113
0.65124
0.65136
0.65147
0.65159
0.6517
0.65181
0.65193
0.65204
0.65215
0.65227
0.65238
0.65249
0.65261
0.65272
0.65283
0.65295
0.65306
0.65318
0.65329
0.6534
0.65352
0.65363
0.65375
0.65386
0.65398
0.65409
0.6542
0.65432
0.65443
0.65455
0.65466
0.65478
0.65489
0.655
0.65512
0.65523
0.65535
0.65546
0.65558
0.65569
0.65581
0.65592
0.65604
0.65615
0.65627
0.65638
0.6565
0.65661
0.65673
0.65684
0.65696
0.65707
0.65719
0.6573
0.65742
0.65753
0.65765
0.65776
0.65788
0.65799
0.65811
0.65822
0.65834
0.65845
0.65857
0.65869
0.6588
0.65892
0.65903
0.65915
0.65926
0.65938
0.6595
0.65961
0.65973
0.65984
0.65996
0.66007
0.66019
0.66031
0.66042
0.66054
0.66065
0.66077
0.66089
0.661
0.66112
0.66124
0.66135
0.66147
0.66158
0.6617
0.66182
0.66193
0.66205
0.66217
0.66228
0.6624
0.66252
0.66263
0.66275
0.66287
0.66298
0.6631
0.66322
0.66333
0.66345
0.66357
0.66368
0.6638
0.66392
0.66403
0.66415
0.66427
0.66439
0.6645
0.66462
0.66474
0.66485
0.66497
0.66509
0.66521
0.66532
0.66544
0.66556
0.66567
0.66579
0.66591
0.66603
0.66614
0.66626
0.66638
0.6665
0.66661
0.66673
0.66685
0.66697
0.66708
0.6672
0.66732
0.66744
0.66756
0.66767
0.66779
0.66791
0.66803
0.66814
0.66826
0.66838
0.6685
0.66862
0.66873
0.66885
0.66897
0.66909
0.66921
0.66932
0.66944
0.66956
0.66968
0.6698
0.66992
0.67003
0.67015
0.67027
0.67039
0.67051
0.67063
0.67074
0.67086
0.67098
0.6711
0.67122
0.67134
0.67145
0.67157
0.67169
0.67181
0.67193
0.67205
0.67217
0.67229
0.6724
0.67252
0.67264
0.67276
0.67288
0.673
0.67312
0.67324
0.67335
0.67347
0.67359
0.67371
0.67383
0.67395
0.67407
0.67419
0.67431
0.67443
0.67455
0.67466
0.67478
0.6749
0.67502
0.67514
0.67526
0.67538
0.6755
0.67562
0.67574
0.67586
0.67598
0.6761
0.67622
0.67634
0.67645
0.67657
0.67669
0.67681
0.67693
0.67705
0.67717
0.67729
0.67741
0.67753
0.67765
0.67777
0.67789
0.67801
0.67813
0.67825
0.67837
0.67849
0.67861
0.67873
0.67885
0.67897
0.67909
0.67921
0.67933
0.67945
0.67957
0.67969
0.67981
0.67993
0.68005
0.68017
0.68029
0.68041
0.68053
0.68065
0.68077
0.68089
0.68101
0.68113
0.68125
0.68137
0.68149
0.68161
0.68174
0.68186
0.68198
0.6821
0.68222
0.68234
0.68246
0.68258
0.6827
0.68282
0.68294
0.68306
0.68318
0.6833
0.68342
0.68354
0.68367
0.68379
0.68391
0.68403
0.68415
0.68427
0.68439
0.68451
0.68463
0.68475
0.68488
0.685
0.68512
0.68524
0.68536
0.68548
0.6856
0.68572
0.68584
0.68597
0.68609
0.68621
0.68633
0.68645
0.68657
0.68669
0.68682
0.68694
0.68706
0.68718
0.6873
0.68742
0.68754
0.68767
0.68779
0.68791
0.68803
0.68815
0.68827
0.6884
0.68852
0.68864
0.68876
0.68888
0.689
0.68913
0.68925
0.68937
0.68949
0.68961
0.68974
0.68986
0.68998
0.6901
0.69022
0.69035
0.69047
0.69059
0.69071
0.69083
0.69096
0.69108
0.6912
0.69132
0.69144
0.69157
0.69169
0.69181
0.69193
0.69206
0.69218
0.6923
0.69242
0.69255
0.69267
0.69279
0.69291
0.69304
0.69316
0.69328
0.6934
0.69353
0.69365
0.69377
0.69389
0.69402
0.69414
0.69426
0.69439
0.69451
0.69463
0.69475
0.69488
0.695
0.69512
0.69524
0.69537
0.69549
0.69561
0.69574
0.69586
0.69598
0.69611
0.69623
0.69635
0.69647
0.6966
0.69672
0.69684
0.69697
0.69709
0.69721
0.69734
0.69746
0.69758
0.69771
0.69783
0.69795
0.69808
0.6982
0.69832
0.69845
0.69857
0.69869
0.69882
0.69894
0.69906
0.69919
0.69931
0.69943
0.69956
0.69968
0.6998
0.69993
0.70005
0.70017
0.7003
0.70042
0.70054
0.70067
0.70079
0.70092
0.70104
0.70116
0.70129
0.70141
0.70153
0.70166
0.70178
0.7019
0.70203
0.70215
0.70228
0.7024
0.70252
0.70265
0.70277
0.70289
0.70302
0.70314
0.70327
0.70339
0.70351
0.70364
0.70376
0.70389
0.70401
0.70413
0.70426
0.70438
0.70451
0.70463
0.70475
0.70488
0.705
0.70513
0.70525
0.70538
0.7055
0.70562
0.70575
0.70587
0.706
0.70612
0.70625
0.70637
0.70649
0.70662
0.70674
0.70687
0.70699
0.70712
0.70724
0.70736
0.70749
0.70761
0.70774
0.70786
0.70799
0.70811
0.70824
0.70836
0.70849
0.70861
0.70873
0.70886
0.70898
0.70911
0.70923
0.70936
0.70948
0.70961
0.70973
0.70986
0.70998
0.71011
0.71023
0.71036
0.71048
0.71061
0.71073
0.71086
0.71098
0.71111
0.71123
0.71136
0.71148
0.71161
0.71173
0.71186
0.71198
0.71211
0.71223
0.71236
0.71248
0.71261
0.71273
0.71286
0.71298
0.71311
0.71323
0.71336
0.71348
0.71361
0.71373
0.71386
0.71398
0.71411
0.71423
0.71436
0.71448
0.71461
0.71474
0.71486
0.71499
0.71511
0.71524
0.71536
0.71549
0.71561
0.71574
0.71586
0.71599
0.71612
0.71624
0.71637
0.71649
0.71662
0.71674
0.71687
0.717
0.71712
0.71725
0.71737
0.7175
0.71762
0.71775
0.71788
0.718
0.71813
0.71825
0.71838
0.71851
0.71863
0.71876
0.71888
0.71901
0.71914
0.71926
0.71939
0.71951
0.71964
0.71977
0.71989
0.72002
0.72014
0.72027
0.7204
0.72052
0.72065
0.72077
0.7209
0.72103
0.72115
0.72128
0.72141
0.72153
0.72166
0.72179
0.72191
0.72204
0.72216
0.72229
0.72242
0.72254
0.72267
0.7228
0.72292
0.72305
0.72318
0.7233
0.72343
0.72356
0.72368
0.72381
0.72394
0.72406
0.72419
0.72432
0.72444
0.72457
0.7247
0.72482
0.72495
0.72508
0.7252
0.72533
0.72546
0.72558
0.72571
0.72584
0.72596
0.72609
0.72622
0.72634
0.72647
0.7266
0.72673
0.72685
0.72698
0.72711
0.72723
0.72736
0.72749
0.72762
0.72774
0.72787
0.728
0.72812
0.72825
0.72838
0.72851
0.72863
0.72876
0.72889
0.72901
0.72914
0.72927
0.7294
0.72952
0.72965
0.72978
0.72991
0.73003
0.73016
0.73029
0.73042
0.73054
0.73067
0.7308
0.73093
0.73105
0.73118
0.73131
0.73144
0.73156
0.73169
0.73182
0.73195
0.73207
0.7322
0.73233
0.73246
0.73259
0.73271
0.73284
0.73297
0.7331
0.73322
0.73335
0.73348
0.73361
0.73374
0.73386
0.73399
0.73412
0.73425
0.73438
0.7345
0.73463
0.73476
0.73489
0.73502
0.73514
0.73527
0.7354
0.73553
0.73566
0.73578
0.73591
0.73604
0.73617
0.7363
0.73643
0.73655
0.73668
0.73681
0.73694
0.73707
0.73719
0.73732
0.73745
0.73758
0.73771
0.73784
0.73796
0.73809
0.73822
0.73835
0.73848
0.73861
0.73874
0.73886
0.73899
0.73912
0.73925
0.73938
0.73951
0.73964
0.73976
0.73989
0.74002
0.74015
0.74028
0.74041
0.74054
0.74067
0.74079
0.74092
0.74105
0.74118
0.74131
0.74144
0.74157
0.7417
0.74182
0.74195
0.74208
0.74221
0.74234
0.74247
0.7426
0.74273
0.74286
0.74298
0.74311
0.74324
0.74337
0.7435
0.74363
0.74376
0.74389
0.74402
0.74415
0.74428
0.74441
0.74453
0.74466
0.74479
0.74492
0.74505
0.74518
0.74531
0.74544
0.74557
0.7457
0.74583
0.74596
0.74609
0.74621
0.74634
0.74647
0.7466
0.74673
0.74686
0.74699
0.74712
0.74725
0.74738
0.74751
0.74764
0.74777
0.7479
0.74803
0.74816
0.74829
0.74842
0.74855
0.74868
0.74881
0.74894
0.74907
0.74919
0.74932
0.74945
0.74958
0.74971
0.74984
0.74997
0.7501
0.75023
0.75036
0.75049
0.75062
0.75075
0.75088
0.75101
0.75114
0.75127
0.7514
0.75153
0.75166
0.75179
0.75192
0.75205
0.75218
0.75231
0.75244
0.75257
0.7527
0.75283
0.75296
0.75309
0.75322
0.75335
0.75348
0.75361
0.75374
0.75387
0.754
0.75413
0.75427
0.7544
0.75453
0.75466
0.75479
0.75492
0.75505
0.75518
0.75531
0.75544
0.75557
0.7557
0.75583
0.75596
0.75609
0.75622
0.75635
0.75648
0.75661
0.75674
0.75687
0.757
0.75713
0.75727
0.7574
0.75753
0.75766
0.75779
0.75792
0.75805
0.75818
0.75831
0.75844
0.75857
0.7587
0.75883
0.75896
0.7591
0.75923
0.75936
0.75949
0.75962
0.75975
0.75988
0.76001
0.76014
0.76027
0.7604
0.76053
0.76067
0.7608
0.76093
0.76106
0.76119
0.76132
0.76145
0.76158
0.76171
0.76185
0.76198
0.76211
0.76224
0.76237
0.7625
0.76263
0.76276
0.76289
0.76303
0.76316
0.76329
0.76342
0.76355
0.76368
0.76381
0.76394
0.76408
0.76421
0.76434
0.76447
0.7646
0.76473
0.76486
0.765
0.76513
0.76526
0.76539
0.76552
0.76565
0.76578
0.76592
0.76605
0.76618
0.76631
0.76644
0.76657
0.7667
0.76684
0.76697
0.7671
0.76723
0.76736
0.76749
0.76763
0.76776
0.76789
0.76802
0.76815
0.76829
0.76842
0.76855
0.76868
0.76881
0.76894
0.76908
0.76921
0.76934
0.76947
0.7696
0.76974
0.76987
0.77
0.77013
0.77026
0.7704
0.77053
0.77066
0.77079
0.77092
0.77106
0.77119
0.77132
0.77145
0.77158
0.77172
0.77185
0.77198
0.77211
0.77225
0.77238
0.77251
0.77264
0.77277
0.77291
0.77304
0.77317
0.7733
0.77344
0.77357
0.7737
0.77383
0.77397
0.7741
0.77423
0.77436
0.77449
0.77463
0.77476
0.77489
0.77502
0.77516
0.77529
0.77542
0.77555
0.77569
0.77582
0.77595
0.77608
0.77622
0.77635
0.77648
0.77662
0.77675
0.77688
0.77701
0.77715
0.77728
0.77741
0.77754
0.77768
0.77781
0.77794
0.77808
0.77821
0.77834
0.77847
0.77861
0.77874
0.77887
0.77901
0.77914
0.77927
0.7794
0.77954
0.77967
0.7798
0.77994
0.78007
0.7802
0.78033
0.78047
0.7806
0.78073
0.78087
0.781
0.78113
0.78127
0.7814
0.78153
0.78167
0.7818
0.78193
0.78206
0.7822
0.78233
0.78246
0.7826
0.78273
0.78286
0.783
0.78313
0.78326
0.7834
0.78353
0.78366
0.7838
0.78393
0.78406
0.7842
0.78433
0.78446
0.7846
0.78473
0.78486
0.785
0.78513
0.78526
0.7854
0.78553
0.78566
0.7858
0.78593
0.78607
0.7862
0.78633
0.78647
0.7866
0.78673
0.78687
0.787
0.78713
0.78727
0.7874
0.78754
0.78767
0.7878
0.78794
0.78807
0.7882
0.78834
0.78847
0.78861
0.78874
0.78887
0.78901
0.78914
0.78927
0.78941
0.78954
0.78968
0.78981
0.78994
0.79008
0.79021
0.79035
0.79048
0.79061
0.79075
0.79088
0.79102
0.79115
0.79128
0.79142
0.79155
0.79169
0.79182
0.79195
0.79209
0.79222
0.79236
0.79249
0.79262
0.79276
0.79289
0.79303
0.79316
0.7933
0.79343
0.79356
0.7937
0.79383
0.79397
0.7941
0.79424
0.79437
0.7945
0.79464
0.79477
0.79491
0.79504
0.79518
0.79531
0.79545
0.79558
0.79571
0.79585
0.79598
0.79612
0.79625
0.79639
0.79652
0.79666
0.79679
0.79693
0.79706
0.79719
0.79733
0.79746
0.7976
0.79773
0.79787
0.798
0.79814
0.79827
0.79841
0.79854
0.79868
0.79881
0.79895
0.79908
0.79922
0.79935
0.79949
0.79962
0.79975
0.79989
0.80002
0.80016
0.80029
0.80043
0.80056
0.8007
0.80083
0.80097
0.8011
0.80124
0.80137
0.80151
0.80164
0.80178
0.80192
0.80205
0.80219
0.80232
0.80246
0.80259
0.80273
0.80286
0.803
0.80313
0.80327
0.8034
0.80354
0.80367
0.80381
0.80394
0.80408
0.80421
0.80435
0.80449
0.80462
0.80476
0.80489
0.80503
0.80516
0.8053
0.80543
0.80557
0.8057
0.80584
0.80598
0.80611
0.80625
0.80638
0.80652
0.80665
0.80679
0.80693
0.80706
0.8072
0.80733
0.80747
0.8076
0.80774
0.80788
0.80801
0.80815
0.80828
0.80842
0.80855
0.80869
0.80883
0.80896
0.8091
0.80923
0.80937
0.80951
0.80964
0.80978
0.80991
0.81005
0.81019
0.81032
0.81046
0.81059
0.81073
0.81087
0.811
0.81114
0.81128
0.81141
0.81155
0.81168
0.81182
0.81196
0.81209
0.81223
0.81237
0.8125
0.81264
0.81277
0.81291
0.81305
0.81318
0.81332
0.81346
0.81359
0.81373
0.81387
0.814
0.81414
0.81427
0.81441
0.81455
0.81468
0.81482
0.81496
0.81509
0.81523
0.81537
0.8155
0.81564
0.81578
0.81591
0.81605
0.81619
0.81632
0.81646
0.8166
0.81673
0.81687
0.81701
0.81715
0.81728
0.81742
0.81756
0.81769
0.81783
0.81797
0.8181
0.81824
0.81838
0.81851
0.81865
0.81879
0.81893
0.81906
0.8192
0.81934
0.81947
0.81961
0.81975
0.81989
0.82002
0.82016
0.8203
0.82043
0.82057
0.82071
0.82085
0.82098
0.82112
0.82126
0.82139
0.82153
0.82167
0.82181
0.82194
0.82208
0.82222
0.82236
0.82249
0.82263
0.82277
0.82291
0.82304
0.82318
0.82332
0.82346
0.82359
0.82373
0.82387
0.82401
0.82414
0.82428
0.82442
0.82456
0.82469
0.82483
0.82497
0.82511
0.82524
0.82538
0.82552
0.82566
0.8258
0.82593
0.82607
0.82621
0.82635
0.82648
0.82662
0.82676
0.8269
0.82704
0.82717
0.82731
0.82745
0.82759
0.82773
0.82786
0.828
0.82814
0.82828
0.82842
0.82855
0.82869
0.82883
0.82897
0.82911
0.82924
0.82938
0.82952
0.82966
0.8298
0.82993
0.83007
0.83021
0.83035
0.83049
0.83063
0.83076
0.8309
0.83104
0.83118
0.83132
0.83146
0.83159
0.83173
0.83187
0.83201
0.83215
0.83229
0.83242
0.83256
0.8327
0.83284
0.83298
0.83312
0.83326
0.83339
0.83353
0.83367
0.83381
0.83395
0.83409
0.83423
0.83436
0.8345
0.83464
0.83478
0.83492
0.83506
0.8352
0.83534
0.83547
0.83561
0.83575
0.83589
0.83603
0.83617
0.83631
0.83645
0.83658
0.83672
0.83686
0.837
0.83714
0.83728
0.83742
0.83756
0.8377
0.83784
0.83797
0.83811
0.83825
0.83839
0.83853
0.83867
0.83881
0.83895
0.83909
0.83923
0.83937
0.83951
0.83965
0.83978
0.83992
0.84006
0.8402
0.84034
0.84048
0.84062
0.84076
0.8409
0.84104
0.84118
0.84132
0.84146
0.8416
0.84174
0.84188
0.84201
0.84215
0.84229
0.84243
0.84257
0.84271
0.84285
0.84299
0.84313
0.84327
0.84341
0.84355
0.84369
0.84383
0.84397
0.84411
0.84425
0.84439
0.84453
0.84467
0.84481
0.84495
0.84509
0.84523
0.84537
0.84551
0.84565
0.84579
0.84593
0.84607
0.84621
0.84635
0.84649
0.84663
0.84677
0.84691
0.84705
0.84719
0.84733
0.84747
0.84761
0.84775
0.84789
0.84803
0.84817
0.84831
0.84845
0.84859
0.84873
0.84887
0.84901
0.84915
0.84929
0.84943
0.84957
0.84971
0.84985
0.84999
0.85013
0.85027
0.85042
0.85056
0.8507
0.85084
0.85098
0.85112
0.85126
0.8514
0.85154
0.85168
0.85182
0.85196
0.8521
0.85224
0.85238
0.85252
0.85267
0.85281
0.85295
0.85309
0.85323
0.85337
0.85351
0.85365
0.85379
0.85393
0.85407
0.85421
0.85436
0.8545
0.85464
0.85478
0.85492
0.85506
0.8552
0.85534
0.85548
0.85562
0.85577
0.85591
0.85605
0.85619
0.85633
0.85647
0.85661
0.85675
0.8569
0.85704
0.85718
0.85732
0.85746
0.8576
0.85774
0.85788
0.85803
0.85817
0.85831
0.85845
0.85859
0.85873
0.85887
0.85902
0.85916
0.8593
0.85944
0.85958
0.85972
0.85986
0.86001
0.86015
0.86029
0.86043
0.86057
0.86071
0.86085
0.861
0.86114
0.86128
0.86142
0.86156
0.8617
0.86185
0.86199
0.86213
0.86227
0.86241
0.86256
0.8627
0.86284
0.86298
0.86312
0.86326
0.86341
0.86355
0.86369
0.86383
0.86397
0.86412
0.86426
0.8644
0.86454
0.86468
0.86483
0.86497
0.86511
0.86525
0.86539
0.86554
0.86568
0.86582
0.86596
0.8661
0.86625
0.86639
0.86653
0.86667
0.86681
0.86696
0.8671
0.86724
0.86738
0.86752
0.86767
0.86781
0.86795
0.86809
0.86824
0.86838
0.86852
0.86866
0.86881
0.86895
0.86909
0.86923
0.86937
0.86952
0.86966
0.8698
0.86994
0.87009
0.87023
0.87037
0.87051
0.87066
0.8708
0.87094
0.87108
0.87123
0.87137
0.87151
0.87165
0.8718
0.87194
0.87208
0.87222
0.87237
0.87251
0.87265
0.87279
0.87294
0.87308
0.87322
0.87337
0.87351
0.87365
0.87379
0.87394
0.87408
0.87422
0.87436
0.87451
0.87465
0.87479
0.87494
0.87508
0.87522
0.87536
0.87551
0.87565
0.87579
0.87594
0.87608
0.87622
0.87637
0.87651
0.87665
0.87679
0.87694
0.87708
0.87722
0.87737
0.87751
0.87765
0.8778
0.87794
0.87808
0.87822
0.87837
0.87851
0.87865
0.8788
0.87894
0.87908
0.87923
0.87937
0.87951
0.87966
0.8798
0.87994
0.88009
0.88023
0.88037
0.88052
0.88066
0.8808
0.88095
0.88109
0.88123
0.88138
0.88152
0.88166
0.88181
0.88195
0.88209
0.88224
0.88238
0.88252
0.88267
0.88281
0.88295
0.8831
0.88324
0.88339
0.88353
0.88367
0.88382
0.88396
0.8841
0.88425
0.88439
0.88453
0.88468
0.88482
0.88496
0.88511
0.88525
0.8854
0.88554
0.88568
0.88583
0.88597
0.88611
0.88626
0.8864
0.88655
0.88669
0.88683
0.88698
0.88712
0.88727
0.88741
0.88755
0.8877
0.88784
0.88799
0.88813
0.88827
0.88842
0.88856
0.8887
0.88885
0.88899
0.88914
0.88928
0.88943
0.88957
0.88971
0.88986
0.89
0.89015
0.89029
0.89043
0.89058
0.89072
0.89087
0.89101
0.89115
0.8913
0.89144
0.89159
0.89173
0.89188
0.89202
0.89216
0.89231
0.89245
0.8926
0.89274
0.89289
0.89303
0.89317
0.89332
0.89346
0.89361
0.89375
0.8939
0.89404
0.89419
0.89433
0.89447
0.89462
0.89476
0.89491
0.89505
0.8952
0.89534
0.89549
0.89563
0.89577
0.89592
0.89606
0.89621
0.89635
0.8965
0.89664
0.89679
0.89693
0.89708
0.89722
0.89737
0.89751
0.89766
0.8978
0.89795
0.89809
0.89823
0.89838
0.89852
0.89867
0.89881
0.89896
0.8991
0.89925
0.89939
0.89954
0.89968
0.89983
0.89997
0.90012
0.90026
0.90041
0.90055
0.9007
0.90084
0.90099
0.90113
0.90128
0.90142
0.90157
0.90171
0.90186
0.902
0.90215
0.90229
0.90244
0.90258
0.90273
0.90287
0.90302
0.90316
0.90331
0.90346
0.9036
0.90375
0.90389
0.90404
0.90418
0.90433
0.90447
0.90462
0.90476
0.90491
0.90505
0.9052
0.90534
0.90549
0.90564
0.90578
0.90593
0.90607
0.90622
0.90636
0.90651
0.90665
0.9068
0.90694
0.90709
0.90724
0.90738
0.90753
0.90767
0.90782
0.90796
0.90811
0.90826
0.9084
0.90855
0.90869
0.90884
0.90898
0.90913
0.90928
0.90942
0.90957
0.90971
0.90986
0.91
0.91015
0.9103
0.91044
0.91059
0.91073
0.91088
0.91103
0.91117
0.91132
0.91146
0.91161
0.91175
0.9119
0.91205
0.91219
0.91234
0.91248
0.91263
0.91278
0.91292
0.91307
0.91322
0.91336
0.91351
0.91365
0.9138
0.91395
0.91409
0.91424
0.91438
0.91453
0.91468
0.91482
0.91497
0.91512
0.91526
0.91541
0.91555
0.9157
0.91585
0.91599
0.91614
0.91629
0.91643
0.91658
0.91673
0.91687
0.91702
0.91716
0.91731
0.91746
0.9176
0.91775
0.9179
0.91804
0.91819
0.91834
0.91848
0.91863
0.91878
0.91892
0.91907
0.91922
0.91936
0.91951
0.91966
0.9198
0.91995
0.9201
0.92024
0.92039
0.92054
0.92068
0.92083
0.92098
0.92112
0.92127
0.92142
0.92156
0.92171
0.92186
0.922
0.92215
0.9223
0.92244
0.92259
0.92274
0.92289
0.92303
0.92318
0.92333
0.92347
0.92362
0.92377
0.92391
0.92406
0.92421
0.92436
0.9245
0.92465
0.9248
0.92494
0.92509
0.92524
0.92538
0.92553
0.92568
0.92583
0.92597
0.92612
0.92627
0.92641
0.92656
0.92671
0.92686
0.927
0.92715
0.9273
0.92745
0.92759
0.92774
0.92789
0.92804
0.92818
0.92833
0.92848
0.92862
0.92877
0.92892
0.92907
0.92921
0.92936
0.92951
0.92966
0.9298
0.92995
0.9301
0.93025
0.93039
0.93054
0.93069
0.93084
0.93098
0.93113
0.93128
0.93143
0.93158
0.93172
0.93187
0.93202
0.93217
0.93231
0.93246
0.93261
0.93276
0.9329
0.93305
0.9332
0.93335
0.9335
0.93364
0.93379
0.93394
0.93409
0.93423
0.93438
0.93453
0.93468
0.93483
0.93497
0.93512
0.93527
0.93542
0.93557
0.93571
0.93586
0.93601
0.93616
0.93631
0.93645
0.9366
0.93675
0.9369
0.93705
0.93719
0.93734
0.93749
0.93764
0.93779
0.93793
0.93808
0.93823
0.93838
0.93853
0.93868
0.93882
0.93897
0.93912
0.93927
0.93942
0.93957
0.93971
0.93986
0.94001
0.94016
0.94031
0.94046
0.9406
0.94075
0.9409
0.94105
0.9412
0.94135
0.94149
0.94164
0.94179
0.94194
0.94209
0.94224
0.94239
0.94253
0.94268
0.94283
0.94298
0.94313
0.94328
0.94342
0.94357
0.94372
0.94387
0.94402
0.94417
0.94432
0.94447
0.94461
0.94476
0.94491
0.94506
0.94521
0.94536
0.94551
0.94566
0.9458
0.94595
0.9461
0.94625
0.9464
0.94655
0.9467
0.94685
0.94699
0.94714
0.94729
0.94744
0.94759
0.94774
0.94789
0.94804
0.94819
0.94834
0.94848
0.94863
0.94878
0.94893
0.94908
0.94923
0.94938
0.94953
0.94968
0.94983
0.94997
0.95012
0.95027
0.95042
0.95057
0.95072
0.95087
0.95102
0.95117
0.95132
0.95147
0.95162
0.95177
0.95191
0.95206
0.95221
0.95236
0.95251
0.95266
0.95281
0.95296
0.95311
0.95326
0.95341
0.95356
0.95371
0.95386
0.95401
0.95415
0.9543
0.95445
0.9546
0.95475
0.9549
0.95505
0.9552
0.95535
0.9555
0.95565
0.9558
0.95595
0.9561
0.95625
0.9564
0.95655
0.9567
0.95685
0.957
0.95715
0.9573
0.95745
0.9576
0.95775
0.9579
0.95805
0.95819
0.95834
0.95849
0.95864
0.95879
0.95894
0.95909
0.95924
0.95939
0.95954
0.95969
0.95984
0.95999
0.96014
0.96029
0.96044
0.96059
0.96074
0.96089
0.96104
0.96119
0.96134
0.96149
0.96164
0.96179
0.96194
0.96209
0.96224
0.96239
0.96254
0.96269
0.96285
0.963
0.96315
0.9633
0.96345
0.9636
0.96375
0.9639
0.96405
0.9642
0.96435
0.9645
0.96465
0.9648
0.96495
0.9651
0.96525
0.9654
0.96555
0.9657
0.96585
0.966
0.96615
0.9663
0.96645
0.9666
0.96676
0.96691
0.96706
0.96721
0.96736
0.96751
0.96766
0.96781
0.96796
0.96811
0.96826
0.96841
0.96856
0.96871
0.96886
0.96902
0.96917
0.96932
0.96947
0.96962
0.96977
0.96992
0.97007
0.97022
0.97037
0.97052
0.97067
0.97083
0.97098
0.97113
0.97128
0.97143
0.97158
0.97173
0.97188
0.97203
0.97218
0.97234
0.97249
0.97264
0.97279
0.97294
0.97309
0.97324
0.97339
0.97354
0.9737
0.97385
0.974
0.97415
0.9743
0.97445
0.9746
0.97475
0.9749
0.97506
0.97521
0.97536
0.97551
0.97566
0.97581
0.97596
0.97612
0.97627
0.97642
0.97657
0.97672
0.97687
0.97702
0.97718
0.97733
0.97748
0.97763
0.97778
0.97793
0.97808
0.97824
0.97839
0.97854
0.97869
0.97884
0.97899
0.97914
0.9793
0.97945
0.9796
0.97975
0.9799
0.98005
0.98021
0.98036
0.98051
0.98066
0.98081
0.98096
0.98112
0.98127
0.98142
0.98157
0.98172
0.98187
0.98203
0.98218
0.98233
0.98248
0.98263
0.98279
0.98294
0.98309
0.98324
0.98339
0.98354
0.9837
0.98385
0.984
0.98415
0.9843
0.98446
0.98461
0.98476
0.98491
0.98506
0.98522
0.98537
0.98552
0.98567
0.98582
0.98598
0.98613
0.98628
0.98643
0.98658
0.98674
0.98689
0.98704
0.98719
0.98734
0.9875
0.98765
0.9878
0.98795
0.9881
0.98826
0.98841
0.98856
0.98871
0.98886
0.98902
0.98917
0.98932
0.98947
0.98963
0.98978
0.98993
0.99008
0.99023
0.99039
0.99054
0.99069
0.99084
0.99099
0.99115
0.9913
0.99145
0.9916
0.99176
0.99191
0.99206
0.99221
0.99236
0.99252
0.99267
0.99282
0.99297
0.99313
0.99328
0.99343
0.99358
0.99373
0.99389
0.99404
0.99419
0.99434
0.9945
0.99465
0.9948
0.99495
0.99511
0.99526
0.99541
0.99556
0.99571
0.99587
0.99602
0.99617
0.99632
0.99648
0.99663
0.99678
0.99693
0.99709
0.99724
0.99739
0.99754
0.99769
0.99785
0.998
0.99815
0.9983
0.99846
0.99861
0.99876
0.99891
0.99907
0.99922
0.99937
0.99952
0.99968
0.99983
0.99998
1.0001
0
0.00075873
0.0014529
0.0020969
0.0029097
0.0037043
0.0044629
0.0052808
0.0060996
0.0069425
0.0077666
0.0086462
0.0094817
0.010366
0.011114
0.011863
0.012664
0.01354
0.014502
0.015482
0.01634
0.01707
0.01775
0.018423
0.01905
0.019712
0.020334
0.02098
0.021565
0.022176
0.022732
0.023283
0.023811
0.024331
0.024872
0.025418
0.025976
0.02653
0.027072
0.027588
0.028084
0.028592
0.029062
0.029538
0.030015
0.030491
0.030954
0.031417
0.031887
0.032367
0.032859
0.033365
0.033881
0.034408
0.034943
0.035487
0.036039
0.036566
0.037088
0.037587
0.03804
0.038486
0.03894
0.039404
0.039879
0.040363
0.040855
0.041356
0.041864
0.04238
0.042904
0.043436
0.043976
0.044523
0.045079
0.045642
0.046214
0.046795
0.047384
0.047982
0.048588
0.049204
0.049829
0.050463
0.051106
0.051759
0.052422
0.053095
0.053777
0.05447
0.055173
0.055887
0.056611
0.057346
0.058091
0.058848
0.059615
0.060394
0.061184
0.061986
0.062799
0.063623
0.064459
0.065307
0.066168
0.06704
0.067925
0.068822
0.069731
0.070653
0.071569
0.072484
0.073418
0.074318
0.075213
0.076121
0.077044
0.077981
0.078933
0.079896
0.080873
0.081862
0.082863
0.083877
0.084904
0.085944
0.086999
0.088068
0.089153
0.090253
0.09137
0.092504
0.093657
0.094808
0.09591
0.097007
0.09811
0.099222
0.10034
0.10138
0.10241
0.10345
0.10451
0.10558
0.10667
0.10776
0.10887
0.10999
0.11112
0.11223
0.11327
0.11429
0.1153
0.1163
0.11729
0.11829
0.11928
0.12027
0.12127
0.12227
0.12327
0.12427
0.12528
0.12627
0.12725
0.12824
0.12923
0.13023
0.13123
0.13224
0.13327
0.1343
0.13534
0.13639
0.13745
0.1385
0.13957
0.14063
0.1417
0.14275
0.14381
0.14486
0.14592
0.14697
0.14802
0.14906
0.15008
0.151
0.15184
0.15266
0.15345
0.1542
0.15492
0.15564
0.15635
0.15705
0.15777
0.15849
0.15922
0.15994
0.16064
0.16123
0.16176
0.16228
0.1628
0.16333
0.16388
0.16445
0.16505
0.16567
0.1663
0.16694
0.16758
0.16821
0.16885
0.16948
0.17011
0.17074
0.17137
0.172
0.17262
0.17324
0.17386
0.17447
0.17508
0.17568
0.17629
0.17689
0.17748
0.17808
0.17867
0.17926
0.17985
0.18044
0.18103
0.18161
0.1822
0.18278
0.18336
0.18394
0.18451
0.18509
0.18567
0.18624
0.18681
0.18738
0.18795
0.18852
0.18908
0.18965
0.19021
0.19078
0.19134
0.1919
0.19246
0.19302
0.19358
0.19414
0.1947
0.19525
0.19581
0.19637
0.19692
0.19748
0.19803
0.19859
0.19914
0.1997
0.20025
0.20081
0.20136
0.20191
0.20247
0.20302
0.20357
0.20412
0.20467
0.20523
0.20578
0.20633
0.20688
0.20743
0.20798
0.20853
0.20908
0.20963
0.21018
0.21073
0.21128
0.21183
0.21238
0.21293
0.21348
0.21404
0.21459
0.21514
0.21569
0.21624
0.21679
0.21735
0.2179
0.21845
0.219
0.21956
0.22011
0.22066
0.22122
0.22177
0.22233
0.22288
0.22344
0.22399
0.22455
0.2251
0.22566
0.22622
0.22678
0.22733
0.22789
0.22845
0.22901
0.22957
0.23013
0.23069
0.23125
0.23182
0.23238
0.23294
0.23351
0.23407
0.23464
0.2352
0.23577
0.23633
0.2369
0.23746
0.23802
0.23858
0.23913
0.23968
0.24023
0.24078
0.24133
0.24188
0.24242
0.24296
0.2435
0.24404
0.24458
0.24512
0.24561
0.24605
0.24647
0.24687
0.24726
0.24764
0.24801
0.24837
0.24873
0.24909
0.24944
0.24979
0.25014
0.25048
0.25083
0.25116
0.2515
0.25184
0.25217
0.2525
0.25283
0.25316
0.25348
0.25381
0.25413
0.25445
0.25477
0.25509
0.25541
0.25573
0.25604
0.25636
0.25667
0.25698
0.25729
0.2576
0.25791
0.25822
0.25853
0.25884
0.25915
0.25945
0.25976
0.26006
0.26037
0.26067
0.26097
0.26127
0.26158
0.26188
0.26218
0.26248
0.26278
0.26307
0.26337
0.26367
0.26397
0.26426
0.26456
0.26485
0.26515
0.26544
0.26574
0.26603
0.26632
0.26661
0.26691
0.2672
0.26749
0.26778
0.26807
0.26836
0.26865
0.26894
0.26923
0.26951
0.2698
0.27009
0.27038
0.27066
0.27095
0.27124
0.27152
0.27181
0.27209
0.27238
0.27266
0.27294
0.27323
0.27351
0.27379
0.27408
0.27436
0.27464
0.27492
0.2752
0.27548
0.27577
0.27605
0.27633
0.27661
0.27689
0.27716
0.27744
0.27772
0.278
0.27828
0.27856
0.27883
0.27911
0.27939
0.27966
0.27994
0.28022
0.28049
0.28077
0.28104
0.28132
0.28159
0.28187
0.28214
0.28242
0.28269
0.28296
0.28324
0.28351
0.28378
0.28406
0.28433
0.2846
0.28487
0.28514
0.28542
0.28569
0.28596
0.28623
0.2865
0.28677
0.28704
0.28731
0.28758
0.28785
0.28812
0.28839
0.28865
0.28892
0.28919
0.28946
0.28973
0.28999
0.29026
0.29053
0.29079
0.29106
0.29133
0.29159
0.29186
0.29213
0.29239
0.29266
0.29292
0.29319
0.29345
0.29372
0.29398
0.29424
0.29451
0.29477
0.29503
0.2953
0.29556
0.29582
0.29609
0.29635
0.29661
0.29687
0.29714
0.2974
0.29766
0.29792
0.29818
0.29844
0.2987
0.29896
0.29922
0.29949
0.29975
0.30001
0.30027
0.30053
0.30079
0.30104
0.3013
0.30156
0.30182
0.30208
0.30234
0.3026
0.30286
0.30312
0.30337
0.30363
0.30389
0.30415
0.30441
0.30466
0.30492
0.30518
0.30543
0.30569
0.30595
0.30621
0.30646
0.30672
0.30698
0.30723
0.30749
0.30774
0.308
0.30826
0.30851
0.30877
0.30902
0.30928
0.30953
0.30979
0.31005
0.3103
0.31056
0.31081
0.31107
0.31132
0.31158
0.31183
0.31208
0.31234
0.31259
0.31285
0.3131
0.31336
0.31361
0.31386
0.31412
0.31437
0.31463
0.31488
0.31513
0.31539
0.31564
0.31589
0.31615
0.3164
0.31665
0.3169
0.31716
0.31741
0.31766
0.31792
0.31817
0.31842
0.31867
0.31893
0.31918
0.31943
0.31968
0.31994
0.32019
0.32044
0.32069
0.32094
0.3212
0.32145
0.3217
0.32195
0.3222
0.32246
0.32271
0.32296
0.32321
0.32346
0.32371
0.32396
0.32422
0.32447
0.32472
0.32497
0.32522
0.32547
0.32572
0.32597
0.32622
0.32648
0.32673
0.32698
0.32723
0.32748
0.32773
0.32798
0.32823
0.32848
0.32873
0.32898
0.32924
0.32949
0.32974
0.32999
0.33024
0.33049
0.33074
0.33099
0.33124
0.33149
0.33174
0.33199
0.33224
0.33249
0.33274
0.333
0.33325
0.3335
0.33375
0.334
0.33425
0.3345
0.33475
0.335
0.33525
0.3355
0.33575
0.336
0.33626
0.33651
0.33676
0.33701
0.33726
0.33751
0.33776
0.33801
0.33826
0.33851
0.33877
0.33902
0.33927
0.33952
0.33977
0.34002
0.34027
0.34052
0.34078
0.34103
0.34128
0.34153
0.34178
0.34203
0.34229
0.34254
0.34279
0.34304
0.34329
0.34354
0.3438
0.34405
0.3443
0.34455
0.34481
0.34506
0.34531
0.34556
0.34581
0.34607
0.34632
0.34657
0.34682
0.34708
0.34733
0.34758
0.34784
0.34809
0.34834
0.34859
0.34885
0.3491
0.34935
0.34961
0.34986
0.35011
0.35037
0.35062
0.35087
0.35113
0.35138
0.35164
0.35189
0.35214
0.3524
0.35265
0.35291
0.35316
0.35341
0.35367
0.35392
0.35418
0.35443
0.35469
0.35494
0.3552
0.35545
0.35571
0.35596
0.35621
0.35647
0.35673
0.35698
0.35724
0.35749
0.35775
0.358
0.35826
0.35851
0.35877
0.35902
0.35928
0.35954
0.35979
0.36005
0.3603
0.36056
0.36082
0.36107
0.36133
0.36159
0.36184
0.3621
0.36236
0.36261
0.36287
0.36313
0.36338
0.36364
0.3639
0.36416
0.36441
0.36467
0.36493
0.36518
0.36544
0.3657
0.36596
0.36622
0.36647
0.36673
0.36699
0.36725
0.36751
0.36776
0.36802
0.36828
0.36854
0.3688
0.36906
0.36932
0.36957
0.36983
0.37009
0.37035
0.37061
0.37087
0.37113
0.37139
0.37165
0.37191
0.37217
0.37243
0.37269
0.37295
0.3732
0.37346
0.37372
0.37398
0.37425
0.37451
0.37477
0.37503
0.37529
0.37555
0.37581
0.37607
0.37633
0.37659
0.37685
0.37711
0.37737
0.37763
0.37789
0.37816
0.37842
0.37868
0.37894
0.3792
0.37946
0.37973
0.37999
0.38025
0.38051
0.38077
0.38104
0.3813
0.38156
0.38182
0.38208
0.38235
0.38261
0.38287
0.38313
0.3834
0.38366
0.38392
0.38419
0.38445
0.38471
0.38498
0.38524
0.3855
0.38577
0.38603
0.38629
0.38656
0.38682
0.38708
0.38735
0.38761
0.38788
0.38814
0.3884
0.38867
0.38893
0.3892
0.38946
0.38973
0.38999
0.39026
0.39052
0.39079
0.39105
0.39132
0.39158
0.39185
0.39211
0.39238
0.39264
0.39291
0.39317
0.39344
0.39371
0.39397
0.39424
0.3945
0.39477
0.39504
0.3953
0.39557
0.39583
0.3961
0.39637
0.39663
0.3969
0.39717
0.39743
0.3977
0.39797
0.39824
0.3985
0.39877
0.39904
0.3993
0.39957
0.39984
0.40011
0.40037
0.40064
0.40091
0.40118
0.40145
0.40171
0.40198
0.40225
0.40252
0.40279
0.40306
0.40332
0.40359
0.40386
0.40413
0.4044
0.40467
0.40494
0.40521
0.40548
0.40575
0.40601
0.40628
0.40655
0.40682
0.40709
0.40736
0.40763
0.4079
0.40817
0.40844
0.40871
0.40898
0.40925
0.40952
0.40979
0.41006
0.41033
0.41061
0.41088
0.41115
0.41142
0.41169
0.41196
0.41223
0.4125
0.41277
0.41305
0.41332
0.41359
0.41386
0.41413
0.4144
0.41468
0.41495
0.41522
0.41549
0.41576
0.41604
0.41631
0.41658
0.41685
0.41713
0.4174
0.41767
0.41794
0.41822
0.41849
0.41876
0.41904
0.41931
0.41958
0.41986
0.42013
0.4204
0.42068
0.42095
0.42123
0.4215
0.42177
0.42205
0.42232
0.4226
0.42287
0.42314
0.42342
0.42369
0.42397
0.42424
0.42452
0.42479
0.42507
0.42534
0.42562
0.42589
0.42617
0.42644
0.42672
0.427
0.42727
0.42755
0.42782
0.4281
0.42837
0.42865
0.42893
0.4292
0.42948
0.42976
0.43003
0.43031
0.43059
0.43086
0.43114
0.43142
0.43169
0.43197
0.43225
0.43252
0.4328
0.43308
0.43336
0.43363
0.43391
0.43419
0.43447
0.43475
0.43502
0.4353
0.43558
0.43586
0.43614
0.43641
0.43669
0.43697
0.43725
0.43753
0.43781
0.43809
0.43837
0.43865
0.43892
0.4392
0.43948
0.43976
0.44004
0.44032
0.4406
0.44088
0.44116
0.44144
0.44172
0.442
0.44228
0.44256
0.44284
0.44312
0.4434
0.44368
0.44397
0.44425
0.44453
0.44481
0.44509
0.44537
0.44565
0.44593
0.44621
0.4465
0.44678
0.44706
0.44734
0.44762
0.4479
0.44819
0.44847
0.44875
0.44903
0.44932
0.4496
0.44988
0.45016
0.45045
0.45073
0.45101
0.4513
0.45158
0.45186
0.45214
0.45243
0.45271
0.453
0.45328
0.45356
0.45385
0.45413
0.45441
0.4547
0.45498
0.45527
0.45555
0.45584
0.45612
0.4564
0.45669
0.45697
0.45726
0.45754
0.45783
0.45811
0.4584
0.45868
0.45897
0.45926
0.45954
0.45983
0.46011
0.4604
0.46068
0.46097
0.46126
0.46154
0.46183
0.46211
0.4624
0.46269
0.46297
0.46326
0.46355
0.46383
0.46412
0.46441
0.4647
0.46498
0.46527
0.46556
0.46585
0.46613
0.46642
0.46671
0.467
0.46728
0.46757
0.46786
0.46815
0.46844
0.46873
0.46901
0.4693
0.46959
0.46988
0.47017
0.47046
0.47075
0.47104
0.47132
0.47161
0.4719
0.47219
0.47248
0.47277
0.47306
0.47335
0.47364
0.47393
0.47422
0.47451
0.4748
0.47509
0.47538
0.47567
0.47596
0.47626
0.47655
0.47684
0.47713
0.47742
0.47771
0.478
0.47829
0.47858
0.47888
0.47917
0.47946
0.47975
0.48004
0.48033
0.48063
0.48092
0.48121
0.4815
0.4818
0.48209
0.48238
0.48267
0.48297
0.48326
0.48355
0.48385
0.48414
0.48443
0.48473
0.48502
0.48531
0.48561
0.4859
0.48619
0.48649
0.48678
0.48708
0.48737
0.48766
0.48796
0.48825
0.48855
0.48884
0.48914
0.48943
0.48973
0.49002
0.49032
0.49061
0.49091
0.4912
0.4915
0.49179
0.49209
0.49239
0.49268
0.49298
0.49327
0.49357
0.49387
0.49416
0.49446
0.49476
0.49505
0.49535
0.49565
0.49594
0.49624
0.49654
0.49683
0.49713
0.49743
0.49773
0.49802
0.49832
0.49862
0.49892
0.49921
0.49951
0.49981
0.50011
0.50041
0.50071
0.501
0.5013
0.5016
0.5019
0.5022
0.5025
0.5028
0.5031
0.5034
0.5037
0.504
0.5043
0.50459
0.50489
0.50519
0.50549
0.50579
0.5061
0.5064
0.5067
0.507
0.5073
0.5076
0.5079
0.5082
0.5085
0.5088
0.5091
0.5094
0.50971
0.51001
0.51031
0.51061
0.51091
0.51121
0.51152
0.51182
0.51212
0.51242
0.51273
0.51303
0.51333
0.51363
0.51394
0.51424
0.51454
0.51485
0.51515
0.51545
0.51576
0.51606
0.51636
0.51667
0.51697
0.51727
0.51758
0.51788
0.51819
0.51849
0.5188
0.5191
0.51941
0.51971
0.52002
0.52032
0.52063
0.52093
0.52124
0.52154
0.52185
0.52215
0.52246
0.52277
0.52307
0.52338
0.52368
0.52399
0.5243
0.5246
0.52491
0.52522
0.52552
0.52583
0.52614
0.52645
0.52675
0.52706
0.52737
0.52768
0.52798
0.52829
0.5286
0.52891
0.52922
0.52952
0.52983
0.53014
0.53045
0.53076
0.53107
0.53138
0.53169
0.532
0.53231
0.53262
0.53293
0.53323
0.53354
0.53385
0.53417
0.53448
0.53479
0.5351
0.53541
0.53572
0.53603
0.53634
0.53665
0.53696
0.53727
0.53758
0.5379
0.53821
0.53852
0.53883
0.53914
0.53946
0.53977
0.54008
0.54039
0.54071
0.54102
0.54133
0.54164
0.54196
0.54227
0.54258
0.5429
0.54321
0.54353
0.54384
0.54415
0.54447
0.54478
0.5451
0.54541
0.54573
0.54604
0.54636
0.54667
0.54699
0.5473
0.54762
0.54793
0.54825
0.54856
0.54888
0.5492
0.54951
0.54983
0.55014
0.55046
0.55078
0.55109
0.55141
0.55173
0.55205
0.55236
0.55268
0.553
0.55332
0.55363
0.55395
0.55427
0.55459
0.55491
0.55523
0.55554
0.55586
0.55618
0.5565
0.55682
0.55714
0.55746
0.55778
0.5581
0.55842
0.55874
0.55906
0.55938
0.5597
0.56002
0.56034
0.56066
0.56098
0.5613
0.56162
0.56195
0.56227
0.56259
0.56291
0.56323
0.56355
0.56388
0.5642
0.56452
0.56484
0.56517
0.56549
0.56581
0.56614
0.56646
0.56678
0.56711
0.56743
0.56775
0.56808
0.5684
0.56873
0.56905
0.56938
0.5697
0.57003
0.57035
0.57068
0.571
0.57133
0.57165
0.57198
0.5723
0.57263
0.57296
0.57328
0.57361
0.57394
0.57426
0.57459
0.57492
0.57524
0.57557
0.5759
0.57623
0.57655
0.57688
0.57721
0.57754
0.57787
0.5782
0.57852
0.57885
0.57918
0.57951
0.57984
0.58017
0.5805
0.58083
0.58116
0.58149
0.58182
0.58215
0.58248
0.58281
0.58314
0.58347
0.5838
0.58414
0.58447
0.5848
0.58513
0.58546
0.58579
0.58613
0.58646
0.58679
0.58712
0.58746
0.58779
0.58812
0.58846
0.58879
0.58912
0.58946
0.58979
0.59013
0.59046
0.59079
0.59113
0.59146
0.5918
0.59213
0.59247
0.5928
0.59314
0.59347
0.59381
0.59415
0.59448
0.59482
0.59515
0.59549
0.59583
0.59617
0.5965
0.59684
0.59718
0.59751
0.59785
0.59819
0.59853
0.59887
0.5992
0.59954
0.59988
0.60022
0.60056
0.6009
0.60124
0.60158
0.60192
0.60226
0.6026
0.60294
0.60328
0.60362
0.60396
0.6043
0.60464
0.60498
0.60532
0.60566
0.606
0.60634
0.60669
0.60703
0.60737
0.60771
0.60805
0.6084
0.60874
0.60908
0.60943
0.60977
0.61011
0.61046
0.6108
0.61114
0.61149
0.61183
0.61218
0.61252
0.61286
0.61321
0.61355
0.6139
0.61424
0.61459
0.61493
0.61528
0.61563
0.61597
0.61632
0.61666
0.61701
0.61736
0.6177
0.61805
0.6184
0.61875
0.61909
0.61944
0.61979
0.62014
0.62048
0.62083
0.62118
0.62153
0.62188
0.62223
0.62258
0.62293
0.62327
0.62362
0.62397
0.62432
0.62467
0.62502
0.62537
0.62572
0.62607
0.62643
0.62678
0.62713
0.62748
0.62783
0.62818
0.62853
0.62888
0.62924
0.62959
0.62994
0.63029
0.63065
0.631
0.63135
0.6317
0.63206
0.63241
0.63276
0.63312
0.63347
0.63383
0.63418
0.63453
0.63489
0.63524
0.6356
0.63595
0.63631
0.63666
0.63702
0.63737
0.63773
0.63808
0.63844
0.6388
0.63915
0.63951
0.63987
0.64022
0.64058
0.64094
0.64129
0.64165
0.64201
0.64237
0.64272
0.64308
0.64344
0.6438
0.64416
0.64451
0.64487
0.64523
0.64559
0.64595
0.64631
0.64667
0.64703
0.64739
0.64775
0.64811
0.64847
0.64883
0.64919
0.64955
0.64991
0.65027
0.65063
0.65099
0.65135
0.65172
0.65208
0.65244
0.6528
0.65316
0.65353
0.65389
0.65425
0.65461
0.65498
0.65534
0.6557
0.65607
0.65643
0.65679
0.65716
0.65752
0.65788
0.65825
0.65861
0.65898
0.65934
0.65971
0.66007
0.66044
0.6608
0.66117
0.66153
0.6619
0.66226
0.66263
0.663
0.66336
0.66373
0.66409
0.66446
0.66483
0.6652
0.66556
0.66593
0.6663
0.66666
0.66703
0.6674
0.66777
0.66814
0.6685
0.66887
0.66924
0.66961
0.66998
0.67035
0.67072
0.67109
0.67145
0.67182
0.67219
0.67256
0.67293
0.6733
0.67367
0.67404
0.67441
0.67479
0.67516
0.67553
0.6759
0.67627
0.67664
0.67701
0.67738
0.67776
0.67813
0.6785
0.67887
0.67924
0.67962
0.67999
0.68036
0.68074
0.68111
0.68148
0.68185
0.68223
0.6826
0.68298
0.68335
0.68372
0.6841
0.68447
0.68485
0.68522
0.6856
0.68597
0.68635
0.68672
0.6871
0.68747
0.68785
0.68822
0.6886
0.68897
0.68935
0.68973
0.6901
0.69048
0.69086
0.69123
0.69161
0.69199
0.69236
0.69274
0.69312
0.6935
0.69387
0.69425
0.69463
0.69501
0.69539
0.69577
0.69614
0.69652
0.6969
0.69728
0.69766
0.69804
0.69842
0.6988
0.69918
0.69956
0.69994
0.70032
0.7007
0.70108
0.70146
0.70184
0.70222
0.7026
0.70298
0.70336
0.70374
0.70413
0.70451
0.70489
0.70527
0.70565
0.70604
0.70642
0.7068
0.70718
0.70756
0.70795
0.70833
0.70871
0.7091
0.70948
0.70986
0.71025
0.71063
0.71101
0.7114
0.71178
0.71217
0.71255
0.71294
0.71332
0.71371
0.71409
0.71448
0.71486
0.71525
0.71563
0.71602
0.7164
0.71679
0.71717
0.71756
0.71795
0.71833
0.71872
0.71911
0.71949
0.71988
0.72027
0.72065
0.72104
0.72143
0.72182
0.7222
0.72259
0.72298
0.72337
0.72376
0.72414
0.72453
0.72492
0.72531
0.7257
0.72609
0.72648
0.72687
0.72726
0.72765
0.72804
0.72843
0.72882
0.72921
0.7296
0.72999
0.73038
0.73077
0.73116
0.73155
0.73194
0.73233
0.73272
0.73311
0.7335
0.7339
0.73429
0.73468
0.73507
0.73546
0.73586
0.73625
0.73664
0.73703
0.73743
0.73782
0.73821
0.73861
0.739
0.73939
0.73979
0.74018
0.74057
0.74097
0.74136
0.74176
0.74215
0.74254
0.74294
0.74333
0.74373
0.74412
0.74452
0.74491
0.74531
0.74571
0.7461
0.7465
0.74689
0.74729
0.74768
0.74808
0.74848
0.74887
0.74927
0.74967
0.75006
0.75046
0.75086
0.75126
0.75165
0.75205
0.75245
0.75285
0.75324
0.75364
0.75404
0.75444
0.75484
0.75523
0.75563
0.75603
0.75643
0.75683
0.75723
0.75763
0.75803
0.75843
0.75883
0.75923
0.75963
0.76003
0.76043
0.76083
0.76123
0.76163
0.76203
0.76243
0.76283
0.76323
0.76363
0.76403
0.76444
0.76484
0.76524
0.76564
0.76604
0.76644
0.76685
0.76725
0.76765
0.76805
0.76846
0.76886
0.76926
0.76966
0.77007
0.77047
0.77087
0.77128
0.77168
0.77209
0.77249
0.77289
0.7733
0.7737
0.77411
0.77451
0.77492
0.77532
0.77573
0.77613
0.77654
0.77694
0.77735
0.77775
0.77816
0.77856
0.77897
0.77937
0.77978
0.78019
0.78059
0.781
0.78141
0.78181
0.78222
0.78263
0.78303
0.78344
0.78385
0.78426
0.78466
0.78507
0.78548
0.78589
0.78629
0.7867
0.78711
0.78752
0.78793
0.78834
0.78875
0.78915
0.78956
0.78997
0.79038
0.79079
0.7912
0.79161
0.79202
0.79243
0.79284
0.79325
0.79366
0.79407
0.79448
0.79489
0.7953
0.79571
0.79612
0.79653
0.79695
0.79736
0.79777
0.79818
0.79859
0.799
0.79942
0.79983
0.80024
0.80065
0.80106
0.80148
0.80189
0.8023
0.80271
0.80313
0.80354
0.80395
0.80437
0.80478
0.80519
0.80561
0.80602
0.80644
0.80685
0.80726
0.80768
0.80809
0.80851
0.80892
0.80934
0.80975
0.81017
0.81058
0.811
0.81141
0.81183
0.81224
0.81266
0.81307
0.81349
0.81391
0.81432
0.81474
0.81515
0.81557
0.81599
0.8164
0.81682
0.81724
0.81766
0.81807
0.81849
0.81891
0.81932
0.81974
0.82016
0.82058
0.821
0.82141
0.82183
0.82225
0.82267
0.82309
0.82351
0.82392
0.82434
0.82476
0.82518
0.8256
0.82602
0.82644
0.82686
0.82728
0.8277
0.82812
0.82854
0.82896
0.82938
0.8298
0.83022
0.83064
0.83106
0.83148
0.8319
0.83232
0.83275
0.83317
0.83359
0.83401
0.83443
0.83485
0.83528
0.8357
0.83612
0.83654
0.83696
0.83739
0.83781
0.83823
0.83866
0.83908
0.8395
0.83992
0.84035
0.84077
0.84119
0.84162
0.84204
0.84247
0.84289
0.84331
0.84374
0.84416
0.84459
0.84501
0.84544
0.84586
0.84628
0.84671
0.84713
0.84756
0.84799
0.84841
0.84884
0.84926
0.84969
0.85011
0.85054
0.85097
0.85139
0.85182
0.85224
0.85267
0.8531
0.85352
0.85395
0.85438
0.8548
0.85523
0.85566
0.85609
0.85651
0.85694
0.85737
0.8578
0.85823
0.85865
0.85908
0.85951
0.85994
0.86037
0.8608
0.86122
0.86165
0.86208
0.86251
0.86294
0.86337
0.8638
0.86423
0.86466
0.86509
0.86552
0.86595
0.86638
0.86681
0.86724
0.86767
0.8681
0.86853
0.86896
0.86939
0.86982
0.87025
0.87068
0.87112
0.87155
0.87198
0.87241
0.87284
0.87327
0.87371
0.87414
0.87457
0.875
0.87543
0.87587
0.8763
0.87673
0.87717
0.8776
0.87803
0.87846
0.8789
0.87933
0.87976
0.8802
0.88063
0.88107
0.8815
0.88193
0.88237
0.8828
0.88324
0.88367
0.88411
0.88454
0.88497
0.88541
0.88584
0.88628
0.88671
0.88715
0.88759
0.88802
0.88846
0.88889
0.88933
0.88976
0.8902
0.89064
0.89107
0.89151
0.89195
0.89238
0.89282
0.89326
0.89369
0.89413
0.89457
0.895
0.89544
0.89588
0.89632
0.89675
0.89719
0.89763
0.89807
0.89851
0.89894
0.89938
0.89982
0.90026
0.9007
0.90114
0.90158
0.90202
0.90245
0.90289
0.90333
0.90377
0.90421
0.90465
0.90509
0.90553
0.90597
0.90641
0.90685
0.90729
0.90773
0.90817
0.90861
0.90905
0.90949
0.90994
0.91038
0.91082
0.91126
0.9117
0.91214
0.91258
0.91302
0.91347
0.91391
0.91435
0.91479
0.91523
0.91568
0.91612
0.91656
0.917
0.91745
0.91789
0.91833
0.91878
0.91922
0.91966
0.92011
0.92055
0.92099
0.92144
0.92188
0.92232
0.92277
0.92321
0.92366
0.9241
0.92455
0.92499
0.92543
0.92588
0.92632
0.92677
0.92721
0.92766
0.9281
0.92855
0.929
0.92944
0.92989
0.93033
0.93078
0.93122
0.93167
0.93212
0.93256
0.93301
0.93346
0.9339
0.93435
0.9348
0.93524
0.93569
0.93614
0.93658
0.93703
0.93748
0.93793
0.93837
0.93882
0.93927
0.93972
0.94017
0.94061
0.94106
0.94151
0.94196
0.94241
0.94286
0.9433
0.94375
0.9442
0.94465
0.9451
0.94555
0.946
0.94645
0.9469
0.94735
0.9478
0.94825
0.9487
0.94915
0.9496
0.95005
0.9505
0.95095
0.9514
0.95185
0.9523
0.95275
0.9532
0.95365
0.9541
0.95455
0.95501
0.95546
0.95591
0.95636
0.95681
0.95726
0.95772
0.95817
0.95862
0.95907
0.95952
0.95998
0.96043
0.96088
0.96133
0.96179
0.96224
0.96269
0.96314
0.9636
0.96405
0.9645
0.96496
0.96541
0.96586
0.96632
0.96677
0.96723
0.96768
0.96813
0.96859
0.96904
0.9695
0.96995
0.97041
0.97086
0.97132
0.97177
0.97223
0.97268
0.97314
0.97359
0.97405
0.9745
0.97496
0.97541
0.97587
0.97632
0.97678
0.97724
0.97769
0.97815
0.9786
0.97906
0.97952
0.97997
0.98043
0.98089
0.98134
0.9818
0.98226
0.98272
0.98317
0.98363
0.98409
0.98455
0.985
0.98546
0.98592
0.98638
0.98684
0.98729
0.98775
0.98821
0.98867
0.98913
0.98959
0.99005
0.99051
0.99096
0.99142
0.99188
0.99234
0.9928
0.99326
0.99372
0.99418
0.99464
0.9951
0.99556
0.99602
0.99648
0.99694
0.99741
0.99787
0.99833
0.99879
0.99925
0.99971
1.0002
