0
0
0.010154
0.020139
0.0301
0.040134
0.050026
0.060141
0.070027
0.080135
0.09012
0.1001
0.11015
0.12005
0.13012
0.14023
0.15
0.16013
0.17011
0.18006
0.19004
0.20005
0.21002
0.22005
0.23004
0.24007
0.25003
0.26006
0.27007
0.28009
0.29003
0.30005
0.31004
0.32006
0.33
0.34005
0.35006
0.36003
0.37006
0.38007
0.39008
0.40006
0.41003
0.42005
0.43005
0.44001
0.45003
0.46001
0.47005
0.48004
0.49006
0.50007
0.51007
0.52003
0.53009
0.54004
0.55
0.56009
0.57009
0.58006
0.59002
0.60005
0.61003
0.62009
0.63009
0.64003
0.65
0.66007
0.67003
0.68005
0.6901
0.70005
0.71011
0.72002
0.73003
0.74002
0.7501
0.76001
0.77013
0.78007
0.79008
0.80002
0.81005
0.82002
0.83007
0.84006
0.85013
0.86001
0.87009
0.88009
0.89
0.90012
0.91
0.9201
0.9301
0.94001
0.95012
0.96014
0.97007
0.98005
0.99008
1.0001
0
0.010366
0.020334
0.030015
0.040363
0.050463
0.060394
0.070653
0.080873
0.090253
0.10034
0.11112
0.12027
0.13023
0.14063
0.15008
0.16064
0.17011
0.18044
0.19021
0.20025
0.21018
0.22011
0.23013
0.24023
0.25014
0.26006
0.27009
0.28022
0.29026
0.30001
0.31005
0.32019
0.33024
0.34002
0.35011
0.36005
0.37009
0.38025
0.39026
0.40011
0.41006
0.42013
0.43003
0.44004
0.45016
0.46011
0.47017
0.48004
0.49002
0.50011
0.51001
0.52002
0.53014
0.54008
0.55014
0.56002
0.57003
0.58017
0.59013
0.60022
0.61011
0.62014
0.63029
0.64022
0.65027
0.66007
0.67035
0.68036
0.6901
0.70032
0.71025
0.72027
0.73038
0.74018
0.75006
0.76003
0.77007
0.78019
0.79038
0.80024
0.81017
0.82016
0.83022
0.84035
0.85011
0.86037
0.87025
0.8802
0.8902
0.90026
0.91038
0.92011
0.93033
0.94017
0.95005
0.96043
0.97041
0.98043
0.99005
1.0002
