0
0.0016855
0.00332
0.0048499
0.0064282
0.0081518
0.0098043
0.011775
0.013597
0.015639
0.017758
0.019943
0.022484
0.024932
0.027668
0.030584
0.033611
0.037096
0.040616
0.044521
0.048974
0.053536
0.058789
0.0645
0.070775
0.078156
0.086187
0.095436
0.1065
0.11901
0.13233
0.14587
0.15905
0.17267
0.18582
0.1992
0.21276
0.22593
0.2395
0.25265
0.26598
0.27965
0.29278
0.30628
0.31947
0.33272
0.34639
0.35952
0.37295
0.38646
0.39979
0.41343
0.4275
0.43654
0.44379
0.45027
0.45537
0.45901
0.46194
0.46446
0.46665
0.46865
0.47045
0.47214
0.47373
0.47521
0.47664
0.47801
0.4793
0.48056
0.48179
0.48295
0.48408
0.48519
0.48624
0.48726
0.48826
0.48922
0.49015
0.49107
0.49197
0.49287
0.49377
0.49466
0.49555
0.49643
0.49732
0.4982
0.49909
0.49997
0.50085
0.50173
0.50261
0.50349
0.50437
0.50525
0.50613
0.50702
0.5079
0.50878
0.50967
0.51055
0.51144
0.51233
0.51322
0.51411
0.515
0.51589
0.51679
0.51768
0.51858
0.51948
0.52038
0.52129
0.52219
0.5231
0.52401
0.52492
0.52583
0.52675
0.52766
0.52858
0.5295
0.53043
0.53135
0.53228
0.53321
0.53415
0.53508
0.53602
0.53696
0.5379
0.53884
0.53979
0.54074
0.54169
0.54265
0.5436
0.54456
0.54553
0.54649
0.54746
0.54843
0.5494
0.55038
0.55135
0.55233
0.55332
0.5543
0.55529
0.55628
0.55728
0.55827
0.55927
0.56028
0.56128
0.56229
0.5633
0.56431
0.56533
0.56634
0.56737
0.56839
0.56942
0.57045
0.57148
0.57251
0.57355
0.57459
0.57563
0.57668
0.57773
0.57878
0.57983
0.58089
0.58195
0.58301
0.58408
0.58514
0.58621
0.58729
0.58836
0.58944
0.59052
0.59161
0.5927
0.59379
0.59488
0.59598
0.59707
0.59818
0.59928
0.60039
0.6015
0.60261
0.60373
0.60485
0.60597
0.60709
0.60822
0.60935
0.61048
0.61162
0.61276
0.6139
0.61504
0.61619
0.61734
0.61849
0.61965
0.62081
0.62197
0.62314
0.62431
0.62548
0.62665
0.62783
0.62901
0.63019
0.63138
0.63257
0.63376
0.63496
0.63616
0.63736
0.63856
0.63977
0.64098
0.6422
0.64342
0.64464
0.64586
0.64709
0.64832
0.64955
0.65079
0.65203
0.65327
0.65452
0.65577
0.65703
0.65828
0.65954
0.66081
0.66207
0.66334
0.66462
0.6659
0.66718
0.66846
0.66975
0.67104
0.67233
0.67363
0.67493
0.67624
0.67754
0.67886
0.68017
0.68149
0.68281
0.68414
0.68547
0.6868
0.68813
0.68947
0.69082
0.69216
0.69351
0.69487
0.69622
0.69758
0.69895
0.70032
0.70169
0.70306
0.70444
0.70582
0.70721
0.7086
0.70999
0.71138
0.71278
0.71419
0.71559
0.717
0.71842
0.71983
0.72125
0.72268
0.72411
0.72554
0.72697
0.72841
0.72985
0.7313
0.73275
0.7342
0.73566
0.73712
0.73858
0.74005
0.74152
0.74299
0.74447
0.74595
0.74744
0.74893
0.75042
0.75191
0.75341
0.75492
0.75642
0.75793
0.75945
0.76096
0.76248
0.76401
0.76554
0.76707
0.7686
0.77014
0.77168
0.77323
0.77478
0.77633
0.77789
0.77945
0.78101
0.78258
0.78415
0.78573
0.78731
0.78889
0.79047
0.79206
0.79366
0.79525
0.79686
0.79846
0.80007
0.80168
0.8033
0.80492
0.80654
0.80817
0.8098
0.81143
0.81307
0.81471
0.81636
0.81801
0.81966
0.82132
0.82298
0.82465
0.82632
0.82799
0.82967
0.83135
0.83303
0.83472
0.83642
0.83811
0.83981
0.84152
0.84323
0.84494
0.84666
0.84838
0.85011
0.85184
0.85357
0.85531
0.85705
0.8588
0.86055
0.86231
0.86407
0.86583
0.8676
0.86937
0.87115
0.87293
0.87472
0.87651
0.87831
0.88011
0.88191
0.88372
0.88553
0.88735
0.88917
0.891
0.89283
0.89467
0.89651
0.89835
0.9002
0.90206
0.90392
0.90578
0.90765
0.90953
0.9114
0.91329
0.91518
0.91707
0.91897
0.92087
0.92278
0.92469
0.92661
0.92853
0.93045
0.93239
0.93432
0.93626
0.93821
0.94016
0.94212
0.94408
0.94604
0.94801
0.94999
0.95197
0.95395
0.95594
0.95794
0.95994
0.96194
0.96395
0.96597
0.96799
0.97001
0.97204
0.97408
0.97612
0.97816
0.98021
0.98227
0.98432
0.98639
0.98846
0.99053
0.99261
0.9947
0.99679
0.99888
1.001
0
NaN
0
0
0.0016856
0.0033205
0
0.0023311
0.0046384
0.007093
0.0096274
0.01272
0.015679
0.019306
0.022874
0.02694
0.031238
0.035896
0.040913
0.046372
0.052438
0.058699
0.066046
0.073395
0.082034
0.091041
0.10112
0.11206
0.12412
0.13674
0.14913
0.16171
0.17485
0.18749
0.20047
0.21352
0.22651
0.2398
0.25313
0.26647
0.27996
0.29365
0.30705
0.3206
0.33436
0.34576
0.35645
0.36635
0.37402
0.38093
0.38777
0.39433
0.40021
0.40491
0.40923
0.41311
0.41688
0.42056
0.42408
0.42761
0.4309
0.43367
0.43585
0.43782
0.43957
0.44111
0.44256
0.44385
0.44502
0.44615
0.44726
0.44835
0.44943
0.45049
0.45155
0.45261
0.45365
0.4547
0.45574
0.45677
0.45781
0.45884
0.45987
0.46089
0.46192
0.46294
0.46396
0.46499
0.46601
0.46703
0.46805
0.46907
0.47009
0.47112
0.47214
0.47316
0.47418
0.47521
0.47623
0.47726
0.47828
0.47931
0.48034
0.48137
0.4824
0.48343
0.48446
0.4855
0.48654
0.48757
0.48861
0.48965
0.49069
0.49174
0.49278
0.49383
0.49488
0.49593
0.49698
0.49803
0.49909
0.50015
0.50121
0.50227
0.50333
0.5044
0.50546
0.50653
0.5076
0.50868
0.50975
0.51083
0.51191
0.51299
0.51408
0.51516
0.51625
0.51734
0.51843
0.51953
0.52063
0.52173
0.52283
0.52393
0.52504
0.52615
0.52726
0.52837
0.52949
0.53061
0.53173
0.53286
0.53398
0.53511
0.53624
0.53738
0.53852
0.53966
0.5408
0.54194
0.54309
0.54424
0.54539
0.54655
0.54771
0.54887
0.55003
0.5512
0.55237
0.55354
0.55472
0.5559
0.55708
0.55826
0.55945
0.56064
0.56183
0.56303
0.56423
0.56543
0.56663
0.56784
0.56905
0.57026
0.57148
0.5727
0.57392
0.57515
0.57638
0.57761
0.57885
0.58008
0.58133
0.58257
0.58382
0.58507
0.58632
0.58758
0.58884
0.5901
0.59137
0.59264
0.59391
0.59519
0.59647
0.59775
0.59904
0.60033
0.60162
0.60292
0.60422
0.60552
0.60683
0.60814
0.60945
0.61077
0.61209
0.61341
0.61474
0.61607
0.6174
0.61874
0.62008
0.62142
0.62277
0.62412
0.62548
0.62684
0.6282
0.62956
0.63093
0.6323
0.63368
0.63506
0.63644
0.63783
0.63922
0.64061
0.64201
0.64341
0.64482
0.64623
0.64764
0.64905
0.65047
0.6519
0.65332
0.65476
0.65619
0.65763
0.65907
0.66052
0.66197
0.66342
0.66488
0.66634
0.66781
0.66928
0.67075
0.67223
0.67371
0.67519
0.67668
0.67818
0.67967
0.68118
0.68268
0.68419
0.6857
0.68722
0.68874
0.69027
0.6918
0.69333
0.69487
0.69641
0.69796
0.69951
0.70107
0.70263
0.70419
0.70576
0.70733
0.70891
0.71049
0.71207
0.71366
0.71526
0.71685
0.71846
0.72006
0.72168
0.72329
0.72491
0.72654
0.72817
0.7298
0.73144
0.73308
0.73473
0.73638
0.73803
0.7397
0.74136
0.74303
0.74471
0.74638
0.74807
0.74976
0.75145
0.75315
0.75485
0.75656
0.75827
0.75999
0.76171
0.76343
0.76516
0.7669
0.76864
0.77038
0.77213
0.77389
0.77565
0.77741
0.77918
0.78096
0.78273
0.78452
0.78631
0.7881
0.7899
0.7917
0.79351
0.79532
0.79714
0.79896
0.80079
0.80262
0.80446
0.80631
0.80815
0.81001
0.81186
0.81373
0.8156
0.81747
0.81935
0.82123
0.82312
0.82501
0.82691
0.82882
0.83072
0.83264
0.83456
0.83648
0.83841
0.84035
0.84229
0.84423
0.84618
0.84814
0.8501
0.85206
0.85404
0.85601
0.85799
0.85998
0.86197
0.86397
0.86598
0.86798
0.87
0.87202
0.87404
0.87607
0.87811
0.88015
0.8822
0.88425
0.88631
0.88837
0.89044
0.89251
0.89459
0.89668
0.89877
0.90086
0.90296
0.90507
0.90718
0.9093
0.91143
0.91355
0.91569
0.91783
0.91998
0.92213
0.92429
0.92645
0.92862
0.9308
0.93298
0.93516
0.93736
0.93955
0.94176
0.94397
0.94618
0.94841
0.95063
0.95287
0.95511
0.95735
0.9596
0.96186
0.96412
0.96639
0.96867
0.97095
0.97324
0.97553
0.97783
0.98014
0.98245
0.98477
0.98709
0.98942
0.99176
0.9941
0.99645
0.99881
1.0012
0
0.00038408
0.0007497
0.0011661
0.0016632
0.0021998
0.0027251
0.0032555
0.0038105
0.0044161
0.0051103
0.0059474
0.0067604
0.0075531
0.0083426
0.0091513
0.010009
0.010955
0.012043
0.013203
0.014303
0.015371
0.01644
0.01755
0.018746
0.020089
0.021447
0.022812
0.024185
0.02554
0.026924
0.028392
0.029984
0.031561
0.033189
0.034945
0.036699
0.038443
0.040238
0.042154
0.044072
0.046069
0.04824
0.050597
0.052901
0.055225
0.057564
0.059937
0.062444
0.065201
0.067928
0.070675
0.073584
0.076543
0.079507
0.08259
0.085923
0.089308
0.092863
0.096756
0.10055
0.10433
0.10823
0.11233
0.11659
0.12109
0.12537
0.12955
0.1337
0.1379
0.14222
0.14674
0.15144
0.1559
0.16016
0.16437
0.16859
0.17292
0.17746
0.18218
0.18689
0.19134
0.19567
0.20001
0.20445
0.20897
0.21362
0.21833
0.22302
0.2275
0.23191
0.23629
0.24078
0.24544
0.25016
0.25498
0.2598
0.26439
0.26889
0.27341
0.27795
0.28252
0.28721
0.29198
0.29681
0.30156
0.30625
0.31085
0.31538
0.31992
0.32454
0.32913
0.33384
0.33829
0.34276
0.34705
0.35081
0.35426
0.35763
0.36097
0.36427
0.36769
0.37116
0.37451
0.37796
0.38088
0.38337
0.38566
0.38787
0.39001
0.39209
0.39419
0.39635
0.39852
0.40063
0.40275
0.40494
0.40724
0.40956
0.41136
0.41294
0.41439
0.41577
0.41709
0.41837
0.41958
0.42076
0.42192
0.42309
0.42427
0.42546
0.42666
0.42788
0.4291
0.43029
0.43146
0.43263
0.43381
0.43485
0.4358
0.43667
0.43749
0.43822
0.43888
0.4395
0.44008
0.44064
0.44118
0.44172
0.44225
0.44277
0.44327
0.44375
0.44421
0.44466
0.44509
0.44552
0.44593
0.44634
0.44675
0.44715
0.44754
0.44793
0.44832
0.4487
0.44908
0.44946
0.44984
0.45021
0.45058
0.45095
0.45132
0.45169
0.45205
0.45242
0.45278
0.45314
0.4535
0.45386
0.45422
0.45458
0.45493
0.45529
0.45564
0.45599
0.45635
0.4567
0.45705
0.4574
0.45775
0.4581
0.45845
0.4588
0.45914
0.45949
0.45984
0.46018
0.46053
0.46088
0.46122
0.46157
0.46191
0.46225
0.4626
0.46294
0.46328
0.46363
0.46397
0.46431
0.46465
0.465
0.46534
0.46568
0.46602
0.46636
0.4667
0.46704
0.46738
0.46773
0.46807
0.46841
0.46875
0.46909
0.46943
0.46977
0.47011
0.47045
0.47079
0.47113
0.47147
0.47181
0.47215
0.47249
0.47283
0.47317
0.47351
0.47385
0.47419
0.47453
0.47487
0.47521
0.47555
0.47589
0.47623
0.47657
0.47691
0.47725
0.47759
0.47793
0.47827
0.47861
0.47895
0.47929
0.47963
0.47998
0.48032
0.48066
0.481
0.48134
0.48168
0.48202
0.48237
0.48271
0.48305
0.48339
0.48373
0.48408
0.48442
0.48476
0.48511
0.48545
0.48579
0.48613
0.48648
0.48682
0.48717
0.48751
0.48785
0.4882
0.48854
0.48889
0.48923
0.48958
0.48992
0.49027
0.49061
0.49096
0.4913
0.49165
0.492
0.49234
0.49269
0.49304
0.49338
0.49373
0.49408
0.49442
0.49477
0.49512
0.49547
0.49582
0.49616
0.49651
0.49686
0.49721
0.49756
0.49791
0.49826
0.49861
0.49896
0.49931
0.49966
0.50001
0.50036
0.50071
0.50106
0.50142
0.50177
0.50212
0.50247
0.50282
0.50318
0.50353
0.50388
0.50424
0.50459
0.50494
0.5053
0.50565
0.50601
0.50636
0.50672
0.50707
0.50743
0.50778
0.50814
0.5085
0.50885
0.50921
0.50957
0.50992
0.51028
0.51064
0.511
0.51135
0.51171
0.51207
0.51243
0.51279
0.51315
0.51351
0.51387
0.51423
0.51459
0.51495
0.51531
0.51567
0.51603
0.5164
0.51676
0.51712
0.51748
0.51785
0.51821
0.51857
0.51894
0.5193
0.51967
0.52003
0.52039
0.52076
0.52112
0.52149
0.52186
0.52222
0.52259
0.52296
0.52332
0.52369
0.52406
0.52443
0.52479
0.52516
0.52553
0.5259
0.52627
0.52664
0.52701
0.52738
0.52775
0.52812
0.52849
0.52886
0.52923
0.5296
0.52998
0.53035
0.53072
0.53109
0.53147
0.53184
0.53221
0.53259
0.53296
0.53334
0.53371
0.53409
0.53446
0.53484
0.53521
0.53559
0.53597
0.53634
0.53672
0.5371
0.53748
0.53785
0.53823
0.53861
0.53899
0.53937
0.53975
0.54013
0.54051
0.54089
0.54127
0.54165
0.54203
0.54241
0.54279
0.54317
0.54356
0.54394
0.54432
0.5447
0.54509
0.54547
0.54585
0.54624
0.54662
0.54701
0.54739
0.54778
0.54816
0.54855
0.54893
0.54932
0.54971
0.55009
0.55048
0.55087
0.55125
0.55164
0.55203
0.55242
0.55281
0.5532
0.55359
0.55398
0.55437
0.55476
0.55515
0.55554
0.55593
0.55632
0.55671
0.5571
0.5575
0.55789
0.55828
0.55868
0.55907
0.55946
0.55986
0.56025
0.56065
0.56104
0.56144
0.56183
0.56223
0.56263
0.56302
0.56342
0.56382
0.56422
0.56461
0.56501
0.56541
0.56581
0.56621
0.56661
0.56701
0.56741
0.56781
0.56821
0.56861
0.56901
0.56942
0.56982
0.57022
0.57063
0.57103
0.57143
0.57184
0.57224
0.57265
0.57305
0.57346
0.57386
0.57427
0.57468
0.57508
0.57549
0.5759
0.57631
0.57671
0.57712
0.57753
0.57794
0.57835
0.57876
0.57917
0.57958
0.57999
0.5804
0.58082
0.58123
0.58164
0.58205
0.58247
0.58288
0.5833
0.58371
0.58412
0.58454
0.58496
0.58537
0.58579
0.5862
0.58662
0.58704
0.58746
0.58787
0.58829
0.58871
0.58913
0.58955
0.58997
0.59039
0.59081
0.59123
0.59165
0.59208
0.5925
0.59292
0.59334
0.59377
0.59419
0.59462
0.59504
0.59546
0.59589
0.59632
0.59674
0.59717
0.5976
0.59802
0.59845
0.59888
0.59931
0.59974
0.60016
0.60059
0.60102
0.60145
0.60189
0.60232
0.60275
0.60318
0.60361
0.60405
0.60448
0.60491
0.60535
0.60578
0.60622
0.60665
0.60709
0.60752
0.60796
0.6084
0.60883
0.60927
0.60971
0.61015
0.61059
0.61103
0.61147
0.61191
0.61235
0.61279
0.61323
0.61367
0.61411
0.61456
0.615
0.61544
0.61589
0.61633
0.61678
0.61722
0.61767
0.61811
0.61856
0.61901
0.61945
0.6199
0.62035
0.6208
0.62125
0.6217
0.62215
0.6226
0.62305
0.6235
0.62395
0.6244
0.62486
0.62531
0.62576
0.62622
0.62667
0.62712
0.62758
0.62803
0.62849
0.62895
0.6294
0.62986
0.63032
0.63078
0.63124
0.63169
0.63215
0.63261
0.63307
0.63353
0.63399
0.63446
0.63492
0.63538
0.63584
0.63631
0.63677
0.63723
0.6377
0.63816
0.63863
0.63909
0.63956
0.64003
0.64049
0.64096
0.64143
0.6419
0.64237
0.64284
0.6433
0.64378
0.64425
0.64472
0.64519
0.64566
0.64613
0.6466
0.64708
0.64755
0.64803
0.6485
0.64898
0.64945
0.64993
0.6504
0.65088
0.65136
0.65183
0.65231
0.65279
0.65327
0.65375
0.65423
0.65471
0.65519
0.65567
0.65615
0.65664
0.65712
0.6576
0.65809
0.65857
0.65905
0.65954
0.66002
0.66051
0.661
0.66148
0.66197
0.66246
0.66295
0.66344
0.66392
0.66441
0.6649
0.66539
0.66589
0.66638
0.66687
0.66736
0.66785
0.66835
0.66884
0.66933
0.66983
0.67032
0.67082
0.67132
0.67181
0.67231
0.67281
0.6733
0.6738
0.6743
0.6748
0.6753
0.6758
0.6763
0.6768
0.6773
0.67781
0.67831
0.67881
0.67932
0.67982
0.68032
0.68083
0.68133
0.68184
0.68235
0.68285
0.68336
0.68387
0.68438
0.68488
0.68539
0.6859
0.68641
0.68692
0.68743
0.68795
0.68846
0.68897
0.68948
0.69
0.69051
0.69102
0.69154
0.69205
0.69257
0.69309
0.6936
0.69412
0.69464
0.69516
0.69567
0.69619
0.69671
0.69723
0.69775
0.69827
0.6988
0.69932
0.69984
0.70036
0.70088
0.70141
0.70193
0.70246
0.70298
0.70351
0.70403
0.70456
0.70509
0.70561
0.70614
0.70667
0.7072
0.70773
0.70826
0.70879
0.70932
0.70985
0.71038
0.71091
0.71145
0.71198
0.71251
0.71305
0.71358
0.71411
0.71465
0.71519
0.71572
0.71626
0.7168
0.71733
0.71787
0.71841
0.71895
0.71949
0.72003
0.72057
0.72111
0.72165
0.72219
0.72273
0.72328
0.72382
0.72436
0.72491
0.72545
0.726
0.72654
0.72709
0.72763
0.72818
0.72873
0.72928
0.72982
0.73037
0.73092
0.73147
0.73202
0.73257
0.73312
0.73368
0.73423
0.73478
0.73533
0.73589
0.73644
0.737
0.73755
0.73811
0.73866
0.73922
0.73977
0.74033
0.74089
0.74145
0.74201
0.74257
0.74313
0.74369
0.74425
0.74481
0.74537
0.74593
0.74649
0.74706
0.74762
0.74818
0.74875
0.74931
0.74988
0.75044
0.75101
0.75158
0.75214
0.75271
0.75328
0.75385
0.75442
0.75499
0.75556
0.75613
0.7567
0.75727
0.75784
0.75842
0.75899
0.75956
0.76014
0.76071
0.76129
0.76186
0.76244
0.76301
0.76359
0.76417
0.76475
0.76533
0.76591
0.76649
0.76707
0.76765
0.76823
0.76881
0.76939
0.76997
0.77056
0.77114
0.77173
0.77231
0.7729
0.77348
0.77407
0.77466
0.77524
0.77583
0.77642
0.77701
0.7776
0.77819
0.77878
0.77937
0.77997
0.78056
0.78115
0.78175
0.78234
0.78294
0.78353
0.78413
0.78473
0.78532
0.78592
0.78652
0.78712
0.78772
0.78832
0.78892
0.78952
0.79012
0.79073
0.79133
0.79193
0.79254
0.79314
0.79375
0.79436
0.79496
0.79557
0.79618
0.79679
0.7974
0.79801
0.79862
0.79923
0.79984
0.80045
0.80107
0.80168
0.80229
0.80291
0.80352
0.80414
0.80476
0.80537
0.80599
0.80661
0.80723
0.80785
0.80847
0.80909
0.80971
0.81033
0.81096
0.81158
0.8122
0.81283
0.81345
0.81408
0.8147
0.81533
0.81596
0.81659
0.81722
0.81784
0.81847
0.8191
0.81974
0.82037
0.821
0.82163
0.82227
0.8229
0.82354
0.82417
0.82481
0.82545
0.82608
0.82672
0.82736
0.828
0.82864
0.82928
0.82992
0.83056
0.83121
0.83185
0.83249
0.83314
0.83378
0.83443
0.83508
0.83573
0.83637
0.83702
0.83767
0.83832
0.83897
0.83962
0.84028
0.84093
0.84158
0.84224
0.84289
0.84355
0.8442
0.84486
0.84552
0.84618
0.84683
0.84749
0.84815
0.84881
0.84948
0.85014
0.8508
0.85146
0.85213
0.85279
0.85346
0.85412
0.85479
0.85546
0.85613
0.85679
0.85746
0.85813
0.8588
0.85947
0.86014
0.86082
0.86149
0.86216
0.86284
0.86351
0.86419
0.86486
0.86554
0.86622
0.86689
0.86757
0.86825
0.86893
0.86961
0.87029
0.87097
0.87165
0.87234
0.87302
0.8737
0.87439
0.87507
0.87576
0.87644
0.87713
0.87782
0.8785
0.87919
0.87988
0.88057
0.88126
0.88195
0.88264
0.88334
0.88403
0.88472
0.88542
0.88611
0.88681
0.8875
0.8882
0.8889
0.88959
0.89029
0.89099
0.89169
0.8924
0.8931
0.8938
0.8945
0.89521
0.89591
0.89662
0.89732
0.89803
0.89874
0.89944
0.90015
0.90086
0.90157
0.90228
0.90299
0.9037
0.90441
0.90512
0.90584
0.90655
0.90726
0.90798
0.90869
0.90941
0.91013
0.91084
0.91156
0.91228
0.913
0.91372
0.91444
0.91516
0.91588
0.91661
0.91733
0.91805
0.91878
0.9195
0.92023
0.92095
0.92168
0.92241
0.92314
0.92386
0.92459
0.92532
0.92605
0.92678
0.92752
0.92825
0.92898
0.92971
0.93045
0.93118
0.93192
0.93265
0.93339
0.93413
0.93486
0.9356
0.93634
0.93708
0.93782
0.93856
0.9393
0.94005
0.94079
0.94153
0.94227
0.94302
0.94377
0.94451
0.94526
0.94601
0.94675
0.9475
0.94825
0.94901
0.94976
0.95051
0.95126
0.95202
0.95277
0.95353
0.95428
0.95504
0.9558
0.95655
0.95731
0.95807
0.95883
0.95959
0.96035
0.96111
0.96187
0.96264
0.9634
0.96416
0.96493
0.96569
0.96646
0.96723
0.96799
0.96876
0.96953
0.9703
0.97107
0.97184
0.97261
0.97339
0.97416
0.97493
0.97571
0.97648
0.97726
0.97804
0.97881
0.97959
0.98037
0.98115
0.98193
0.98271
0.98349
0.98427
0.98505
0.98584
0.98662
0.9874
0.98819
0.98897
0.98976
0.99055
0.99134
0.99213
0.99292
0.99371
0.9945
0.99529
0.99609
0.99688
0.99767
0.99847
0.99926
1.0001
0
0.00038408
0.0007497
0.0011661
0.0016632
0.0021998
0.0027251
0.0032555
0.0038105
0.0044161
0.0051103
0.0059474
0.0067604
0.0075531
0.0083426
0.0091513
0.010009
0.010955
0.012043
0.013203
0.014303
0.015371
0.01644
0.01755
0.018746
0.020089
0.021447
0.022812
0.024185
0.02554
0.026924
0.028392
0.029984
0.031561
0.033189
0.034945
0.036699
0.038443
0.040238
0.042154
0.044072
0.046069
0.04824
0.050597
0.052901
0.055225
0.057564
0.059937
0.062444
0.065201
0.067928
0.070675
0.073584
0.076543
0.079507
0.08259
0.085923
0.089308
0.092863
0.096756
0.10055
0.10433
0.10823
0.11233
0.11659
0.12109
0.12537
0.12955
0.1337
0.1379
0.14222
0.14674
0.15144
0.1559
0.16016
0.16437
0.16859
0.17292
0.17746
0.18218
0.18689
0.19134
0.19567
0.20001
0.20445
0.20897
0.21362
0.21833
0.22302
0.2275
0.23191
0.23629
0.24078
0.24544
0.25016
0.25498
0.2598
0.26439
0.26889
0.27341
0.27795
0.28252
0.28721
0.29198
0.29681
0.30156
0.30625
0.31085
0.31538
0.31992
0.32454
0.32913
0.33384
0.33829
0.34276
0.34705
0.35081
0.35426
0.35763
0.36097
0.36427
0.36769
0.37116
0.37451
0.37796
0.38088
0.38337
0.38566
0.38787
0.39001
0.39209
0.39419
0.39635
0.39852
0.40063
0.40275
0.40494
0.40724
0.40956
0.41136
0.41294
0.41439
0.41577
0.41709
0.41837
0.41958
0.42076
0.42192
0.42309
0.42427
0.42546
0.42666
0.42788
0.4291
0.43029
0.43146
0.43263
0.43381
0.43485
0.4358
0.43667
0.43749
0.43822
0.43888
0.4395
0.44008
0.44064
0.44118
0.44172
0.44225
0.44277
0.44327
0.44375
0.44421
0.44466
0.44509
0.44552
0.44593
0.44634
0.44675
0.44715
0.44754
0.44793
0.44832
0.4487
0.44908
0.44946
0.44984
0.45021
0.45058
0.45095
0.45132
0.45169
0.45205
0.45242
0.45278
0.45314
0.4535
0.45386
0.45422
0.45458
0.45493
0.45529
0.45564
0.45599
0.45635
0.4567
0.45705
0.4574
0.45775
0.4581
0.45845
0.4588
0.45914
0.45949
0.45984
0.46018
0.46053
0.46088
0.46122
0.46157
0.46191
0.46225
0.4626
0.46294
0.46328
0.46363
0.46397
0.46431
0.46465
0.465
0.46534
0.46568
0.46602
0.46636
0.4667
0.46704
0.46738
0.46773
0.46807
0.46841
0.46875
0.46909
0.46943
0.46977
0.47011
0.47045
0.47079
0.47113
0.47147
0.47181
0.47215
0.47249
0.47283
0.47317
0.47351
0.47385
0.47419
0.47453
0.47487
0.47521
0.47555
0.47589
0.47623
0.47657
0.47691
0.47725
0.47759
0.47793
0.47827
0.47861
0.47895
0.47929
0.47963
0.47998
0.48032
0.48066
0.481
0.48134
0.48168
0.48202
0.48237
0.48271
0.48305
0.48339
0.48373
0.48408
0.48442
0.48476
0.48511
0.48545
0.48579
0.48613
0.48648
0.48682
0.48717
0.48751
0.48785
0.4882
0.48854
0.48889
0.48923
0.48958
0.48992
0.49027
0.49061
0.49096
0.4913
0.49165
0.492
0.49234
0.49269
0.49304
0.49338
0.49373
0.49408
0.49442
0.49477
0.49512
0.49547
0.49582
0.49616
0.49651
0.49686
0.49721
0.49756
0.49791
0.49826
0.49861
0.49896
0.49931
0.49966
0.50001
0.50036
0.50071
0.50106
0.50142
0.50177
0.50212
0.50247
0.50282
0.50318
0.50353
0.50388
0.50424
0.50459
0.50494
0.5053
0.50565
0.50601
0.50636
0.50672
0.50707
0.50743
0.50778
0.50814
0.5085
0.50885
0.50921
0.50957
0.50992
0.51028
0.51064
0.511
0.51135
0.51171
0.51207
0.51243
0.51279
0.51315
0.51351
0.51387
0.51423
0.51459
0.51495
0.51531
0.51567
0.51603
0.5164
0.51676
0.51712
0.51748
0.51785
0.51821
0.51857
0.51894
0.5193
0.51967
0.52003
0.52039
0.52076
0.52112
0.52149
0.52186
0.52222
0.52259
0.52296
0.52332
0.52369
0.52406
0.52443
0.52479
0.52516
0.52553
0.5259
0.52627
0.52664
0.52701
0.52738
0.52775
0.52812
0.52849
0.52886
0.52923
0.5296
0.52998
0.53035
0.53072
0.53109
0.53147
0.53184
0.53221
0.53259
0.53296
0.53334
0.53371
0.53409
0.53446
0.53484
0.53521
0.53559
0.53597
0.53634
0.53672
0.5371
0.53748
0.53785
0.53823
0.53861
0.53899
0.53937
0.53975
0.54013
0.54051
0.54089
0.54127
0.54165
0.54203
0.54241
0.54279
0.54317
0.54356
0.54394
0.54432
0.5447
0.54509
0.54547
0.54585
0.54624
0.54662
0.54701
0.54739
0.54778
0.54816
0.54855
0.54893
0.54932
0.54971
0.55009
0.55048
0.55087
0.55125
0.55164
0.55203
0.55242
0.55281
0.5532
0.55359
0.55398
0.55437
0.55476
0.55515
0.55554
0.55593
0.55632
0.55671
0.5571
0.5575
0.55789
0.55828
0.55868
0.55907
0.55946
0.55986
0.56025
0.56065
0.56104
0.56144
0.56183
0.56223
0.56263
0.56302
0.56342
0.56382
0.56422
0.56461
0.56501
0.56541
0.56581
0.56621
0.56661
0.56701
0.56741
0.56781
0.56821
0.56861
0.56901
0.56942
0.56982
0.57022
0.57063
0.57103
0.57143
0.57184
0.57224
0.57265
0.57305
0.57346
0.57386
0.57427
0.57468
0.57508
0.57549
0.5759
0.57631
0.57671
0.57712
0.57753
0.57794
0.57835
0.57876
0.57917
0.57958
0.57999
0.5804
0.58082
0.58123
0.58164
0.58205
0.58247
0.58288
0.5833
0.58371
0.58412
0.58454
0.58496
0.58537
0.58579
0.5862
0.58662
0.58704
0.58746
0.58787
0.58829
0.58871
0.58913
0.58955
0.58997
0.59039
0.59081
0.59123
0.59165
0.59208
0.5925
0.59292
0.59334
0.59377
0.59419
0.59462
0.59504
0.59546
0.59589
0.59632
0.59674
0.59717
0.5976
0.59802
0.59845
0.59888
0.59931
0.59974
0.60016
0.60059
0.60102
0.60145
0.60189
0.60232
0.60275
0.60318
0.60361
0.60405
0.60448
0.60491
0.60535
0.60578
0.60622
0.60665
0.60709
0.60752
0.60796
0.6084
0.60883
0.60927
0.60971
0.61015
0.61059
0.61103
0.61147
0.61191
0.61235
0.61279
0.61323
0.61367
0.61411
0.61456
0.615
0.61544
0.61589
0.61633
0.61678
0.61722
0.61767
0.61811
0.61856
0.61901
0.61945
0.6199
0.62035
0.6208
0.62125
0.6217
0.62215
0.6226
0.62305
0.6235
0.62395
0.6244
0.62486
0.62531
0.62576
0.62622
0.62667
0.62712
0.62758
0.62803
0.62849
0.62895
0.6294
0.62986
0.63032
0.63078
0.63124
0.63169
0.63215
0.63261
0.63307
0.63353
0.63399
0.63446
0.63492
0.63538
0.63584
0.63631
0.63677
0.63723
0.6377
0.63816
0.63863
0.63909
0.63956
0.64003
0.64049
0.64096
0.64143
0.6419
0.64237
0.64284
0.6433
0.64378
0.64425
0.64472
0.64519
0.64566
0.64613
0.6466
0.64708
0.64755
0.64803
0.6485
0.64898
0.64945
0.64993
0.6504
0.65088
0.65136
0.65183
0.65231
0.65279
0.65327
0.65375
0.65423
0.65471
0.65519
0.65567
0.65615
0.65664
0.65712
0.6576
0.65809
0.65857
0.65905
0.65954
0.66002
0.66051
0.661
0.66148
0.66197
0.66246
0.66295
0.66344
0.66392
0.66441
0.6649
0.66539
0.66589
0.66638
0.66687
0.66736
0.66785
0.66835
0.66884
0.66933
0.66983
0.67032
0.67082
0.67132
0.67181
0.67231
0.67281
0.6733
0.6738
0.6743
0.6748
0.6753
0.6758
0.6763
0.6768
0.6773
0.67781
0.67831
0.67881
0.67932
0.67982
0.68032
0.68083
0.68133
0.68184
0.68235
0.68285
0.68336
0.68387
0.68438
0.68488
0.68539
0.6859
0.68641
0.68692
0.68743
0.68795
0.68846
0.68897
0.68948
0.69
0.69051
0.69102
0.69154
0.69205
0.69257
0.69309
0.6936
0.69412
0.69464
0.69516
0.69567
0.69619
0.69671
0.69723
0.69775
0.69827
0.6988
0.69932
0.69984
0.70036
0.70088
0.70141
0.70193
0.70246
0.70298
0.70351
0.70403
0.70456
0.70509
0.70561
0.70614
0.70667
0.7072
0.70773
0.70826
0.70879
0.70932
0.70985
0.71038
0.71091
0.71145
0.71198
0.71251
0.71305
0.71358
0.71411
0.71465
0.71519
0.71572
0.71626
0.7168
0.71733
0.71787
0.71841
0.71895
0.71949
0.72003
0.72057
0.72111
0.72165
0.72219
0.72273
0.72328
0.72382
0.72436
0.72491
0.72545
0.726
0.72654
0.72709
0.72763
0.72818
0.72873
0.72928
0.72982
0.73037
0.73092
0.73147
0.73202
0.73257
0.73312
0.73368
0.73423
0.73478
0.73533
0.73589
0.73644
0.737
0.73755
0.73811
0.73866
0.73922
0.73977
0.74033
0.74089
0.74145
0.74201
0.74257
0.74313
0.74369
0.74425
0.74481
0.74537
0.74593
0.74649
0.74706
0.74762
0.74818
0.74875
0.74931
0.74988
0.75044
0.75101
0.75158
0.75214
0.75271
0.75328
0.75385
0.75442
0.75499
0.75556
0.75613
0.7567
0.75727
0.75784
0.75842
0.75899
0.75956
0.76014
0.76071
0.76129
0.76186
0.76244
0.76301
0.76359
0.76417
0.76475
0.76533
0.76591
0.76649
0.76707
0.76765
0.76823
0.76881
0.76939
0.76997
0.77056
0.77114
0.77173
0.77231
0.7729
0.77348
0.77407
0.77466
0.77524
0.77583
0.77642
0.77701
0.7776
0.77819
0.77878
0.77937
0.77997
0.78056
0.78115
0.78175
0.78234
0.78294
0.78353
0.78413
0.78473
0.78532
0.78592
0.78652
0.78712
0.78772
0.78832
0.78892
0.78952
0.79012
0.79073
0.79133
0.79193
0.79254
0.79314
0.79375
0.79436
0.79496
0.79557
0.79618
0.79679
0.7974
0.79801
0.79862
0.79923
0.79984
0.80045
0.80107
0.80168
0.80229
0.80291
0.80352
0.80414
0.80476
0.80537
0.80599
0.80661
0.80723
0.80785
0.80847
0.80909
0.80971
0.81033
0.81096
0.81158
0.8122
0.81283
0.81345
0.81408
0.8147
0.81533
0.81596
0.81659
0.81722
0.81784
0.81847
0.8191
0.81974
0.82037
0.821
0.82163
0.82227
0.8229
0.82354
0.82417
0.82481
0.82545
0.82608
0.82672
0.82736
0.828
0.82864
0.82928
0.82992
0.83056
0.83121
0.83185
0.83249
0.83314
0.83378
0.83443
0.83508
0.83572
0.83637
0.83702
0.83767
0.83832
0.83897
0.83962
0.84028
0.84093
0.84158
0.84224
0.84289
0.84355
0.8442
0.84486
0.84552
0.84618
0.84683
0.84749
0.84815
0.84881
0.84948
0.85014
0.8508
0.85146
0.85213
0.85279
0.85346
0.85412
0.85479
0.85546
0.85613
0.85679
0.85746
0.85813
0.8588
0.85947
0.86014
0.86082
0.86149
0.86216
0.86284
0.86351
0.86419
0.86486
0.86554
0.86622
0.86689
0.86757
0.86825
0.86893
0.86961
0.87029
0.87097
0.87165
0.87234
0.87302
0.8737
0.87439
0.87507
0.87576
0.87644
0.87713
0.87782
0.8785
0.87919
0.87988
0.88057
0.88126
0.88195
0.88264
0.88334
0.88403
0.88472
0.88542
0.88611
0.88681
0.8875
0.8882
0.8889
0.88959
0.89029
0.89099
0.89169
0.8924
0.8931
0.8938
0.8945
0.89521
0.89591
0.89662
0.89732
0.89803
0.89874
0.89944
0.90015
0.90086
0.90157
0.90228
0.90299
0.9037
0.90441
0.90512
0.90584
0.90655
0.90726
0.90798
0.90869
0.90941
0.91013
0.91084
0.91156
0.91228
0.913
0.91372
0.91444
0.91516
0.91588
0.91661
0.91733
0.91805
0.91878
0.9195
0.92023
0.92095
0.92168
0.92241
0.92314
0.92386
0.92459
0.92532
0.92605
0.92678
0.92752
0.92825
0.92898
0.92971
0.93045
0.93118
0.93192
0.93265
0.93339
0.93413
0.93486
0.9356
0.93634
0.93708
0.93782
0.93856
0.9393
0.94005
0.94079
0.94153
0.94227
0.94302
0.94376
0.94451
0.94526
0.94601
0.94675
0.9475
0.94825
0.94901
0.94976
0.95051
0.95126
0.95202
0.95277
0.95353
0.95428
0.95504
0.9558
0.95655
0.95731
0.95807
0.95883
0.95959
0.96035
0.96111
0.96187
0.96264
0.9634
0.96416
0.96493
0.96569
0.96646
0.96723
0.96799
0.96876
0.96953
0.9703
0.97107
0.97184
0.97261
0.97339
0.97416
0.97493
0.97571
0.97648
0.97726
0.97803
0.97881
0.97959
0.98037
0.98115
0.98193
0.98271
0.98349
0.98427
0.98505
0.98584
0.98662
0.9874
0.98819
0.98898
0.98976
0.99055
0.99134
0.99213
0.99292
0.99371
0.99451
0.9953
0.99609
0.99688
0.99768
0.99847
0.99927
1.0001
0
0.00038408
0.0007497
0.0011661
0.0016632
0.0021998
0.0027251
0.0032555
0.0038105
0.0044161
0.0051103
0.0059474
0.0067604
0.0075531
0.0083426
0.0091513
0.010009
0.010955
0.012043
0.013203
0.014303
0.015371
0.01644
0.01755
0.018746
0.020089
0.021447
0.022812
0.024185
0.02554
0.026924
0.028392
0.029984
0.031561
0.033189
0.034945
0.036699
0.038443
0.040238
0.042154
0.044072
0.046069
0.04824
0.050597
0.052901
0.055225
0.057564
0.059937
0.062444
0.065201
0.067928
0.070675
0.073584
0.076543
0.079507
0.08259
0.085923
0.089308
0.092863
0.096756
0.10055
0.10433
0.10823
0.11233
0.11659
0.12109
0.12537
0.12955
0.1337
0.1379
0.14222
0.14674
0.15144
0.1559
0.16016
0.16437
0.16859
0.17292
0.17746
0.18218
0.18689
0.19134
0.19567
0.20001
0.20445
0.20897
0.21362
0.21833
0.22302
0.2275
0.23191
0.23629
0.24078
0.24544
0.25016
0.25498
0.2598
0.26439
0.26889
0.27341
0
0.00037298
0.0007329
0.0011419
0
0.00059969
0.0011537
0.0018017
0.0025971
0.0036351
0.0046954
0.0057697
0.0068964
0.0081304
0.0095599
0.011199
0.012893
0.014511
0.016089
0.017672
0.019323
0.021126
0.023141
0.025342
0.027513
0.029604
0.031671
0.03379
0.036061
0.038472
0
0.00059969
0.0011537
0.0018017
0.0025971
0.0036351
0.0046954
0.0057697
0.0068964
0.0081304
0.0095599
0.011199
0.012893
0.014511
0.016089
0.017672
0.019323
0.021126
0.023141
0.025342
0.027513
0.029604
0.031671
0.03379
0.036061
0.038472
0.041091
0.043845
0.046476
0.049056
0.051677
0.054415
0.057251
0
0.0038768
0.0077873
0.012452
0.01729
0.022821
0.028592
0.035008
0.04192
0.049418
0.057712
0.066414
0.075656
0.085463
0.09547
0.1064
0.11755
0.1298
0.14299
0.15667
0.171
0.18614
0.20222
0.2188
0.23678
0.25343
0.26964
0.28534
0.30204
0.3164
0.3295
0.34249
0.35521
0.36674
0.37756
0.38787
0.39735
0.40553
0.41258
0.419
0.42578
0.43102
0.43553
0.43955
0.44358
0.44617
0.44801
0.44977
0.4515
0.4532
0.45488
0.45655
0.4582
0.45984
0.46147
0.4631
0.46471
0.46633
0.46794
0.46954
0.47114
0.47274
0.47434
0.47594
0.47753
0.47912
0.48072
0.48231
0.4839
0.48549
0.48709
0.48868
0.49027
0.49187
0.49347
0.49507
0.49666
0.49827
0.49987
0.50147
0.50308
0.50469
0.5063
0.50792
0.50953
0.51115
0.51278
0.5144
0.51603
0.51766
0.51929
0.52093
0.52257
0.52422
0.52587
0.52752
0.52917
0.53083
0.53249
0.53416
0.53583
0.53751
0.53919
0.54087
0.54256
0.54425
0.54594
0.54764
0.54935
0.55106
0.55277
0.55449
0.55621
0.55794
0.55967
0.56141
0.56315
0.5649
0.56665
0.5684
0.57017
0.57193
0.5737
0.57548
0.57726
0.57905
0.58085
0.58264
0.58445
0.58626
0.58807
0.58989
0.59172
0.59355
0.59539
0.59723
0.59908
0.60094
0.6028
0.60467
0.60654
0.60842
0.61031
0.6122
0.6141
0.616
0.61791
0.61983
0.62176
0.62369
0.62563
0.62757
0.62953
0.63148
0.63345
0.63542
0.6374
0.63939
0.64139
0.64339
0.6454
0.64742
0.64944
0.65147
0.65351
0.65556
0.65761
0.65968
0.66175
0.66383
0.66591
0.66801
0.67011
0.67222
0.67434
0.67647
0.67861
0.68075
0.68291
0.68507
0.68724
0.68942
0.6916
0.6938
0.69601
0.69822
0.70044
0.70268
0.70492
0.70717
0.70943
0.7117
0.71398
0.71627
0.71856
0.72087
0.72319
0.72551
0.72785
0.7302
0.73255
0.73492
0.7373
0.73969
0.74208
0.74449
0.74691
0.74934
0.75178
0.75423
0.75669
0.75916
0.76164
0.76414
0.76664
0.76916
0.77168
0.77422
0.77677
0.77933
0.78191
0.78449
0.78709
0.78969
0.79231
0.79495
0.79759
0.80025
0.80291
0.80559
0.80829
0.81099
0.81371
0.81644
0.81918
0.82194
0.82471
0.82749
0.83028
0.83309
0.83591
0.83874
0.84158
0.84444
0.84732
0.8502
0.8531
0.85601
0.85894
0.86188
0.86483
0.8678
0.87078
0.87377
0.87678
0.8798
0.88284
0.88589
0.88895
0.89203
0.89512
0.89823
0.90135
0.90448
0.90763
0.9108
0.91398
0.91717
0.92038
0.9236
0.92684
0.93009
0.93336
0.93664
0.93993
0.94325
0.94657
0.94992
0.95327
0.95664
0.96003
0.96344
0.96685
0.97029
0.97374
0.9772
0.98068
0.98418
0.98769
0.99122
0.99476
0.99832
1.0019
0
0.0038768
0.0077873
0.012452
0.01729
0.022821
0.028592
0.035008
0.04192
0.049418
0.057712
0.066414
0.075656
0.085463
0.09547
0.1064
0.11755
0.1298
0.14299
0.15667
0.171
0.18614
0.20222
0.2188
0.23678
0.25343
0.26964
0.28534
0.30204
0.3164
0.3295
0.34249
0.35521
0.36674
0.37756
0.38787
0.39735
0.40553
0.41258
0.419
0.42578
0.43102
0.43553
0.43955
0.44358
0.44617
0.44801
0.44977
0.4515
0.4532
0.45488
0.45655
0.4582
0.45984
0.46147
0.4631
0.46471
0.46633
0.46794
0.46954
0.47114
0.47274
0.47434
0.47594
0.47753
0.47912
0.48072
0.48231
0.4839
0.48549
0.48709
0.48868
0.49027
0.49187
0.49347
0.49507
0.49666
0.49827
0.49987
0.50147
0.50308
0.50469
0.5063
0.50792
0.50953
0.51115
0.51278
0.5144
0.51603
0.51766
0.51929
0.52093
0.52257
0.52422
0.52587
0.52752
0.52917
0.53083
0.53249
0.53416
0.53583
0.53751
0.53919
0.54087
0.54256
0.54425
0.54594
0.54764
0.54935
0.55106
0.55277
0.55449
0.55621
0.55794
0.55967
0.56141
0.56315
0.5649
0.56665
0.5684
0.57017
0.57193
0.5737
0.57548
0.57726
0.57905
0.58085
0.58264
0.58445
0.58626
0.58807
0.58989
0.59172
0.59355
0.59539
0.59723
0.59908
0.60094
0.6028
0.60467
0.60654
0.60842
0.61031
0.6122
0.6141
0.616
0.61791
0.61983
0.62176
0.62369
0.62563
0.62757
0.62953
0.63148
0.63345
0.63542
0.6374
0.63939
0.64139
0.64339
0.6454
0.64742
0.64944
0.65147
0.65351
0.65556
0.65761
0.65968
0.66175
0.66383
0.66591
0.66801
0.67011
0.67222
0.67434
0.67647
0.67861
0.68075
0.68291
0.68507
0.68724
0.68942
0.6916
0.6938
0.69601
0.69822
0.70044
0.70268
0.70492
0.70717
0.70943
0.7117
0.71398
0.71627
0.71856
0.72087
0.72319
0.72551
0.72785
0.7302
0.73255
0.73492
0.7373
0.73969
0.74208
0.74449
0.74691
0.74934
0.75178
0.75423
0.75669
0.75916
0.76164
0.76414
0.76664
0.76916
0.77168
0.77422
0.77677
0.77933
0.78191
0.78449
0.78709
0.78969
0.79231
0.79495
0.79759
0.80025
0.80291
0.80559
0.80829
0.81099
0.81371
0.81644
0.81918
0.82194
0.82471
0.82749
0.83028
0.83309
0.83591
0.83874
0.84158
0.84444
0.84732
0.8502
0.8531
0.85601
0.85894
0.86188
0.86483
0.8678
0.87078
0.87377
0.87678
0.8798
0.88284
0.88589
0.88895
0.89203
0.89512
0.89823
0.90135
0.90448
0.90763
0.9108
0.91398
0.91717
0.92038
0.9236
0.92684
0.93009
0.93336
0.93664
0.93993
0.94325
0.94657
0.94992
0.95327
0.95664
0.96003
0.96344
0.96685
0.97029
0.97374
0.9772
0.98068
0.98418
0.98769
0.99122
0.99476
0.99832
1.0019
0
0.0040551
0.0081711
0.012891
0.017866
0.023473
0.02932
0.035832
0.042743
0.050308
0.058794
0.067394
0.076733
0.086606
0.097017
0.10828
0.12013
0.13278
0.14629
0.1605
0.1758
0.19156
0.20781
0.22419
0.24017
0.25781
0.2741
0.28899
0.30302
0.31723
0.33009
0.34182
0.35345
0.36453
0.37426
0.38348
0.39307
0.40035
0.40744
0.41405
0.42003
0.42496
0.42896
0.43291
0.43601
0.43786
0.43958
0.44127
0.44294
0.44459
0.44622
0.44785
0.44946
0.45108
0.45268
0.45428
0.45588
0.45748
0.45907
0.46066
0.46226
0.46385
0.46544
0.46703
0.46863
0.47022
0.47182
0.47342
0.47502
0.47662
0.47822
0.47983
0.48144
0.48305
0.48466
0.48628
0.4879
0.48952
0.49114
0.49277
0.49441
0.49604
0.49768
0.49932
0.50097
0.50262
0.50428
0.50594
0.5076
0.50927
0.51094
0.51261
0.51429
0.51597
0.51766
0.51935
0.52105
0.52275
0.52446
0.52617
0.52789
0.52961
0.53133
0.53306
0.5348
0.53654
0.53828
0.54003
0.54179
0.54355
0.54531
0.54709
0.54886
0.55064
0.55243
0.55422
0.55602
0.55782
0.55963
0.56145
0.56327
0.56509
0.56693
0.56876
0.57061
0.57245
0.57431
0.57617
0.57804
0.57991
0.58179
0.58367
0.58556
0.58746
0.58936
0.59127
0.59319
0.59511
0.59704
0.59897
0.60091
0.60286
0.60481
0.60677
0.60874
0.61071
0.61269
0.61468
0.61667
0.61867
0.62068
0.62269
0.62471
0.62674
0.62877
0.63082
0.63286
0.63492
0.63698
0.63905
0.64113
0.64321
0.6453
0.6474
0.6495
0.65161
0.65373
0.65586
0.65799
0.66014
0.66229
0.66444
0.66661
0.66878
0.67096
0.67314
0.67534
0.67754
0.67975
0.68197
0.6842
0.68643
0.68867
0.69092
0.69318
0.69544
0.69772
0.7
0.70229
0.70459
0.70689
0.70921
0.71153
0.71386
0.7162
0.71855
0.72091
0.72327
0.72565
0.72803
0.73042
0.73282
0.73523
0.73764
0.74007
0.7425
0.74495
0.7474
0.74986
0.75233
0.75481
0.7573
0.7598
0.7623
0.76482
0.76734
0.76988
0.77242
0.77498
0.77754
0.78011
0.78269
0.78529
0.78789
0.7905
0.79312
0.79575
0.79839
0.80104
0.8037
0.80637
0.80905
0.81174
0.81444
0.81715
0.81987
0.8226
0.82534
0.82809
0.83085
0.83362
0.8364
0.83919
0.842
0.84481
0.84764
0.85047
0.85332
0.85617
0.85904
0.86192
0.86481
0.86771
0.87062
0.87354
0.87648
0.87942
0.88238
0.88535
0.88832
0.89131
0.89432
0.89733
0.90035
0.90339
0.90644
0.9095
0.91257
0.91565
0.91875
0.92186
0.92498
0.92811
0.93125
0.93441
0.93757
0.94075
0.94395
0.94715
0.95037
0.9536
0.95684
0.9601
0.96336
0.96664
0.96994
0.97324
0.97656
0.97989
0.98324
0.9866
0.98997
0.99335
0.99675
1.0002
0
0
0
0
0
0
0
0
0
0
0
0
0
0
0
0
0
0
0
0
0
0
0
0
0
0
0
0
0
0
0
0
0
0
0
0.0036248
0.0077596
0.013067
0.019084
0.019792
0.019183
0.020888
0.023256
0.025804
0.027509
0.0287
0.028415
0
NaN
0
NaN
0
NaN
0
9.6875e+48
0
9.6875e+48
0
1.5e+49
0
0
0
0
0
0
0
0
0
0
0
0
0
0
0
0
0
0
0
0
0
0
0
0
0
0
0
0
0
0
0
0
0
0
0
0
0
0
0
0
0
0
0
0
0
0
0
0
0
0
0
0
0
0
0
0
0
0
0
0
0
0
0
0
0
0
0
0
0
0
0
0
0
0
0
0
0
0
0
0
0
0
0
0
0
0
0
0
0
0
0
0
0
0
0
0
0
0
0
0
0
0
0
0
0
0
0
0
0
0
0
0
0
0
0
0
0
0
0
0
0
0
0
0
0
0
0
0
0
0
0
0
0
0
0
0
0
0
0
0
0
0
0
0
0
0
0
0
0
0
0
0
0
0
0
0
0
0
0
0
0
0
0
0
0
0
0
0
0
0
0
0
0
0
0
0
0
0
0
0
0
0
0
0
0
0
0
0
0
0
0
0
0
0
0
0
0
0
0
0
0
0
0
0
0
0
0
0
0
0
0
0
0
0
0
0
0
0
0
0
0
0
0
0
0
0
0
0
0
0
0
0
0
0
0
0
0
0
0
0
0
0
0
0
0
0
0
0
0
0
0
0
0
0
0
0
0
0
0
0
0
0
0
0
0
0
0
0
0
0
0
0
0
0
0
0
0
0
0
0
0
0
0
0
0
0
0
0
0
0
0
0
0
0
0
0
0
0
0
0
0
0
0
0
0
0
0
0
0
0
0
0
0
0
0
0
0
0
0
0
0
0
0
0
0
0
0
0
0
0
0
0
0
0
0
0
0
0
0
0
0
0
0
0
0
0
0
0
0
0
0
0
0
0
0
0
0
0
0
0
0
0
0
0
0
0
0
0
0
0
0
0
0
0
0
0
0
0
0
0
0
0
0
0
0
0
0
0
0
0
0
0
0
0
0
0
0
0
0
0
0
0
0
0
0
0
0
0
0
0
0
0
0
0
0
0
0
0
0
0
0
0
0
0
0
0
0
0
0
0
0
0
0
0
0
0
0
0
0
0
0
0
0
0
0
0
0
0
0
0
0
0
0
0
0
0
0
0
0
0
0
0
0
0
0
0
0
0
0
0
0
0
0
0
0
0
0
0
0
0
0
0
0
0
0
0
0
0
0
0
0
0
0
0
0
0
0
0
0
0
0
0
0
0
0
0
0
0
0
0
0
0
0
0
0
0
0
0
0
0
0
0
0
0
0
0
0
0
0
0
0
0
0
0
0
0
0
0
0
0
0
0
0
0
0
0
0
0
0
0
0
0
0
0
0
0
0
0
0
0
0
0
0
0
0
0
0
0
0
0
0
0
0
0
0
0
0
0
0
0
0
0
0
0
0
0
0
0
0
0
0
0
0
0
0
0
0
0
0
0
0.0041905
0.0089084
0.0095646
0.01304
0.01937
0.022916
0.027178
0.021305
0.025821
0.01894
0.021137
0.020743
0.023494
0.026153
0.033552
0.025185
0.027194
0.030765
0.029825
0.03281
0.036107
0.037927
0.040097
0.032773
0.036237
0.042733
0.043993
0.05206
0.047229
0.056661
0.067725
0.067769
0.064125
0.057481
0.062994
0.066984
0.080166
0.077326
0.085715
0.11457
0.17184
0.16136
0.19654
0.20285
0.20998
0.20101
0.20634
0.2017
0.19384
0.20215
0.20664
0.20912
0.2022
0.2076
0.2154
0.22227
0.23371
0.23311
0.22966
0.2334
0.22824
0.2449
0.23098
0.23097
0.32134
0.41509
0.48114
0.6162
0.49057
0.39396
0.38569
0.42507
0.63608
0.79656
1.0852
0
