0
0.011775
0.022484
0.030584
0.040616
0.053536
0.0645
0.070775
0.086187
0.095436
0.1065
0.11901
0.13233
0.14587
0.15905
0.17267
0.18582
0.1992
0.21276
0.22593
0.2395
0.25265
0.26598
0.27965
0.29278
0.30628
0.31947
0.33272
0.34639
0.35952
0.37295
0.38646
0.39979
0.41343
0.4275
0.43654
0.44379
0.45027
0.45537
0.45901
0.46194
0.46446
0.46665
0.46865
0.47045
0.47214
0.47373
0.47521
0.48056
0.49015
0.50085
0.51055
0.52038
0.53043
0.54074
0.55038
0.56028
0.57045
0.58089
0.59052
0.60039
0.61048
0.62081
0.63019
0.64098
0.65079
0.66081
0.67104
0.68017
0.69082
0.70032
0.71138
0.72125
0.7313
0.74005
0.75042
0.76096
0.77014
0.78101
0.79047
0.80007
0.81143
0.82132
0.83135
0.84152
0.85011
0.86055
0.87115
0.88011
0.891
0.9002
0.9114
0.92087
0.93045
0.94016
0.95197
0.96194
0.97001
0.98021
0.99053
1.001
0
0
0
0
0.01272
0.022874
0.031238
0.040913
0.052438
0.066046
0.073395
0.082034
0.091041
0.10112
0.11206
0.12412
0.13674
0.14913
0.16171
0.17485
0.18749
0.20047
0.21352
0.22651
0.2398
0.25313
0.26647
0.27996
0.29365
0.30705
0.3206
0.33436
0.34576
0.35645
0.36635
0.37402
0.38093
0.38777
0.39433
0.40021
0.40491
0.40923
0.41311
0.41688
0.42056
0.42408
0.4309
0.44111
0.45049
0.46089
0.47009
0.48034
0.49069
0.50015
0.51083
0.52063
0.53061
0.5408
0.55003
0.56064
0.57026
0.58008
0.5901
0.60033
0.61077
0.62008
0.63093
0.64061
0.65047
0.66052
0.67075
0.68118
0.69027
0.70107
0.71049
0.72006
0.73144
0.74136
0.75145
0.76171
0.77038
0.78096
0.7917
0.80079
0.81001
0.82123
0.83072
0.84035
0.8501
0.86197
0.87202
0.88015
0.89044
0.90086
0.91143
0.92213
0.9308
0.94176
0.95063
0.96186
0.97095
0.98014
0.99176
1.0012
0
0.010009
0.020089
0.031561
0.040238
0.050597
0.062444
0.070675
0.08259
0.092863
0.10055
0.11233
0.12109
0.1337
0.14222
0.15144
0.16016
0.17292
0.18218
0.19134
0.20001
0.21362
0.22302
0.23191
0.24078
0.25016
0.26439
0.27341
0.28252
0.29198
0.30156
0.31085
0.32454
0.33384
0.34276
0.35081
0.36097
0.37116
0.38088
0.39001
0.40063
0.41136
0.42076
0.43029
0.44008
0.45021
0.46018
0.47011
0.48032
0.49027
0.50001
0.51028
0.52003
0.53035
0.54013
0.55009
0.56025
0.57022
0.5804
0.59039
0.60016
0.61015
0.62035
0.63032
0.64003
0.6504
0.66002
0.67032
0.68032
0.69051
0.70036
0.71038
0.72003
0.73037
0.74033
0.75044
0.76014
0.77056
0.78056
0.79012
0.80045
0.81033
0.82037
0.83056
0.84028
0.85014
0.86014
0.87029
0.88057
0.89029
0.90015
0.91013
0.92023
0.93045
0.94005
0.95051
0.96035
0.9703
0.98037
0.99055
1.0001
0
0.010009
0.020089
0.031561
0.040238
0.050597
0.062444
0.070675
0.08259
0.092863
0.10055
0.11233
0.12109
0.1337
0.14222
0.15144
0.16016
0.17292
0.18218
0.19134
0.20001
0.21362
0.22302
0.23191
0.24078
0.25016
0.26439
0.27341
0.28252
0.29198
0.30156
0.31085
0.32454
0.33384
0.34276
0.35081
0.36097
0.37116
0.38088
0.39001
0.40063
0.41136
0.42076
0.43029
0.44008
0.45021
0.46018
0.47011
0.48032
0.49027
0.50001
0.51028
0.52003
0.53035
0.54013
0.55009
0.56025
0.57022
0.5804
0.59039
0.60016
0.61015
0.62035
0.63032
0.64003
0.6504
0.66002
0.67032
0.68032
0.69051
0.70036
0.71038
0.72003
0.73037
0.74033
0.75044
0.76014
0.77056
0.78056
0.79012
0.80045
0.81033
0.82037
0.83056
0.84028
0.85014
0.86014
0.87029
0.88057
0.89029
0.90015
0.91013
0.92023
0.93045
0.94005
0.95051
0.96035
0.9703
0.98037
0.99055
1.0001
0
0.010009
0.020089
0.031561
0.040238
0.050597
0.062444
0.070675
0.08259
0.092863
0.10055
0.11233
0.12109
0.1337
0.14222
0.15144
0.16016
0.17292
0.18218
0.19134
0.20001
0.21362
0.22302
0.23191
0.24078
0.25016
0.26439
0.27341
0
0
0.011199
0.021126
0.031671
0
0.011199
0.021126
0.031671
0.041091
0.051677
0
0.012452
0.022821
0.035008
0.04192
0.057712
0.066414
0.075656
0.085463
0.09547
0.1064
0.11755
0.1298
0.14299
0.15667
0.171
0.18614
0.20222
0.2188
0.23678
0.25343
0.26964
0.28534
0.30204
0.3164
0.3295
0.34249
0.35521
0.36674
0.37756
0.38787
0.39735
0.40553
0.41258
0.419
0.42578
0.43102
0.43553
0.43955
0.44358
0.44617
0.44801
0.44977
0.4515
0.4532
0.45488
0.46147
0.47114
0.48072
0.49027
0.50147
0.51115
0.52093
0.53083
0.54087
0.55106
0.56141
0.57017
0.58085
0.59172
0.60094
0.61031
0.62176
0.63148
0.64139
0.65147
0.66175
0.67011
0.68075
0.6916
0.70044
0.7117
0.72087
0.7302
0.74208
0.75178
0.76164
0.77168
0.78191
0.79231
0.80025
0.81099
0.82194
0.83028
0.84158
0.8502
0.86188
0.87078
0.88284
0.89203
0.90135
0.9108
0.92038
0.93009
0.94325
0.95327
0.96003
0.97029
0.98068
0.99122
1.0019
0
0.012452
0.022821
0.035008
0.04192
0.057712
0.066414
0.075656
0.085463
0.09547
0.1064
0.11755
0.1298
0.14299
0.15667
0.171
0.18614
0.20222
0.2188
0.23678
0.25343
0.26964
0.28534
0.30204
0.3164
0.3295
0.34249
0.35521
0.36674
0.37756
0.38787
0.39735
0.40553
0.41258
0.419
0.42578
0.43102
0.43553
0.43955
0.44358
0.44617
0.44801
0.44977
0.4515
0.4532
0.45488
0.46147
0.47114
0.48072
0.49027
0.50147
0.51115
0.52093
0.53083
0.54087
0.55106
0.56141
0.57017
0.58085
0.59172
0.60094
0.61031
0.62176
0.63148
0.64139
0.65147
0.66175
0.67011
0.68075
0.6916
0.70044
0.7117
0.72087
0.7302
0.74208
0.75178
0.76164
0.77168
0.78191
0.79231
0.80025
0.81099
0.82194
0.83028
0.84158
0.8502
0.86188
0.87078
0.88284
0.89203
0.90135
0.9108
0.92038
0.93009
0.94325
0.95327
0.96003
0.97029
0.98068
0.99122
1.0019
0
0.012891
0.023473
0.035832
0.042743
0.050308
0.067394
0.076733
0.086606
0.097017
0.10828
0.12013
0.13278
0.14629
0.1605
0.1758
0.19156
0.20781
0.22419
0.24017
0.25781
0.2741
0.28899
0.30302
0.31723
0.33009
0.34182
0.35345
0.36453
0.37426
0.38348
0.39307
0.40035
0.40744
0.41405
0.42003
0.42496
0.42896
0.43291
0.43601
0.43786
0.43958
0.44127
0.44294
0.44459
0.45108
0.46066
0.47022
0.48144
0.49114
0.50097
0.51094
0.52105
0.53133
0.54003
0.55064
0.56145
0.57061
0.58179
0.59127
0.60091
0.61071
0.62068
0.63082
0.64113
0.65161
0.66014
0.67096
0.68197
0.69092
0.70229
0.71153
0.72091
0.73042
0.74007
0.75233
0.7623
0.77242
0.78011
0.7905
0.80104
0.81174
0.8226
0.83085
0.842
0.85047
0.86192
0.87062
0.88238
0.89131
0.90035
0.91257
0.92186
0.93125
0.94075
0.95037
0.9601
0.97324
0.98324
0.99335
1.0002
0
0
0.013067
0.020888
0
0
0
0
9.6875e+48
0
9.6875e+48
0
1.5e+49
0
0
0.01304
0.022916
0.033552
0.040097
0.05206
0.067725
0.080166
0.085715
0.11457
0.17184
0.16136
0.19654
0.20285
0.20998
0.20101
0.20634
0.2017
0.19384
0.20215
0.20664
0.2154
0.22227
0.23371
0.2449
0.32134
0.41509
0.48114
0.6162
0.49057
0.39396
0.38569
0.42507
0.63608
0.79656
1.0852
0
