0
0
0.00010931
0.00021107
0.00032086
0.00044318
0.00058126
0.00073589
0.000907
0.0010946
0.001275
0.0014478
0.0016206
0.0018009
0.0019973
0.0022199
0.0024763
0.0027299
0.0029755
0.0032204
0.003471
0.0037084
0.0039431
0.0041846
0.0044432
0.0047287
0.0050272
0.0053078
0.0055797
0.0058512
0.006131
0.0064292
0.0067506
0.007049
0.0073343
0.007615
0.0078988
0.0081939
0.0085087
0.0088489
0.0091738
0.0094763
0.0097677
0.010057
0.010352
0.010663
0.010986
0.011279
0.011548
0.011805
0.012058
0.012315
0.012584
0.012869
0.013176
0.013504
0.013854
0.014196
0.014537
0.014883
0.015222
0.015526
0.015817
0.016106
0.016401
0.016705
0.016979
0.017235
0.017483
0.01773
0.017972
0.018207
0.018442
0.018664
0.018877
0.019087
0.019301
0.019521
0.01975
0.019984
0.020203
0.020415
0.020625
0.02084
0.021062
0.021294
0.021523
0.02174
0.021949
0.022152
0.022346
0.022531
0.022715
0.022902
0.023093
0.023291
0.023484
0.023667
0.023844
0.02402
0.024199
0.024382
0.024571
0.024766
0.024967
0.025165
0.025356
0.025544
0.025732
0.025914
0.026095
0.026277
0.026465
0.026657
0.026836
0.027007
0.027175
0.027343
0.027513
0.027688
0.027866
0.028032
0.028192
0.02835
0.028509
0.028668
0.02883
0.028994
0.029162
0.029332
0.029505
0.029678
0.029845
0.03001
0.030177
0.030349
0.030526
0.030708
0.030881
0.031046
0.031208
0.031368
0.031524
0.031679
0.031834
0.031991
0.032149
0.032309
0.032473
0.032639
0.032808
0.032976
0.033146
0.033319
0.033496
0.033678
0.033866
0.034056
0.034248
0.03444
0.034635
0.03483
0.035024
0.035204
0.035379
0.035555
0.035737
0.035921
0.036089
0.036248
0.036403
0.036555
0.036709
0.036865
0.037026
0.037192
0.037363
0.037538
0.03771
0.037879
0.038048
0.038219
0.038395
0.038576
0.038763
0.038954
0.03915
0.039351
0.039554
0.039759
0.039965
0.040173
0.040382
0.040593
0.040806
0.041019
0.041235
0.041452
0.041671
0.041892
0.042114
0.042339
0.042565
0.042793
0.043023
0.04325
0.043481
0.043708
0.043937
0.04417
0.04441
0.044652
0.044893
0.045131
0.045371
0.045612
0.045852
0.046098
0.04635
0.046604
0.04686
0.047117
0.047376
0.047637
0.0479
0.048165
0.048431
0.0487
0.04897
0.049242
0.049516
0.049791
0.050068
0.050348
0.050628
0.050911
0.051195
0.051481
0.051768
0.052058
0.052349
0.052641
0.052936
0.053232
0.05353
0.053829
0.054131
0.054434
0.054739
0.055046
0.055355
0.055665
0.055978
0.056292
0.056609
0.056927
0.057247
0.05757
0.057894
0.05822
0.058548
0.058878
0.059209
0.059543
0.059879
0.060206
0.060534
0.060867
0.061208
0.061553
0.061899
0.062229
0.062547
0.062858
0.063171
0.063489
0.063812
0.06414
0.064475
0.064795
0.065102
0.065405
0.065709
0.066019
0.066335
0.066655
0.06698
0.067304
0.067614
0.067918
0.068222
0.068533
0.068854
0.069175
0.069496
0.069819
0.070138
0.070448
0.070754
0.071059
0.071353
0.071643
0.071935
0.072233
0.072538
0.072853
0.073177
0.073505
0.073832
0.074161
0.074493
0.07483
0.075176
0.075532
0.075893
0.076258
0.076616
0.07697
0.077326
0.077686
0.078053
0.078429
0.078811
0.079194
0.079568
0.079939
0.080314
0.080698
0.081085
0.081474
0.081865
0.082258
0.082653
0.083051
0.083452
0.083856
0.084263
0.084674
0.08509
0.08551
0.085935
0.086366
0.086793
0.087217
0.087644
0.08808
0.088529
0.088981
0.089436
0.089882
0.09032
0.090756
0.091194
0.091635
0.092025
0.09239
0.092742
0.093089
0.093435
0.093786
0.094142
0.094505
0.094876
0.095255
0.095641
0.096035
0.096393
0.09673
0.097058
0.097386
0.097721
0.098068
0.098426
0.098797
0.099179
0.099563
0.099935
0.1003
0.10068
0.10106
0.10146
0.10187
0.10229
0.10268
0.10307
0.10345
0.10383
0.10422
0.10462
0.10502
0.10543
0.10583
0.10622
0.10659
0.10695
0.10732
0.1077
0.10808
0.10846
0.10882
0.10918
0.10952
0.10987
0.11021
0.11054
0.11088
0.11121
0.11153
0.11186
0.11219
0.11251
0.11284
0.11317
0.11349
0.11382
0.11414
0.11447
0.1148
0.11512
0.11545
0.11578
0.11611
0.11644
0.11677
0.1171
0.11743
0.11777
0.1181
0.11843
0.11876
0.11909
0.11941
0.11974
0.12008
0.12042
0.12076
0.12111
0.12145
0.1218
0.12214
0.12249
0.12285
0.1232
0.12355
0.12391
0.12427
0.12463
0.12499
0.12528
0.12562
0.12599
0.12636
0.12673
0.12711
0.12748
0.12786
0.12824
0.12862
0.129
0.12939
0.12978
0.13017
0.13056
0.13096
0.13136
0.13175
0.13215
0.13255
0.13296
0.13336
0.13376
0.13417
0.13457
0.13497
0.13537
0.13577
0.13616
0.13656
0.13696
0.13736
0.13773
0.13808
0.13842
0.13875
0.13909
0.13942
0.13973
0.14003
0.14031
0.14058
0.14085
0.14111
0.14138
0.14164
0.1419
0.14216
0.14233
0.14235
0.14259
0.14283
0.14306
0.14329
0.14352
0.14375
0.14396
0.14419
0.14442
0.14464
0.14487
0.1451
0.14533
0.14556
0.14579
0.14603
0.14626
0.1465
0.14674
0.14698
0.14722
0.14746
0.14768
0.1479
0.14811
0.14832
0.14853
0.14873
0.14892
0.1491
0.14927
0.14944
0.1496
0.14963
0.14978
0.14993
0.15008
0.15022
0.15036
0.1505
0.15064
0.15079
0.15093
0.15108
0.15124
0.1514
0.15157
0.15174
0.15192
0.1521
0.15229
0.15248
0.15267
0.15287
0.15298
0.15318
0.15339
0.1536
0.15382
0.15403
0.15424
0.15445
0.15466
0.15488
0.15509
0.1553
0.15551
0.15572
0.15594
0.15615
0.15636
0.15658
0.15679
0.15694
0.15698
0.1572
0.15741
0.15763
0.15785
0.15806
0.15828
0.15845
0.15867
0.15888
0.1591
0.15932
0.15942
0.15964
0.15985
0.16007
0.16029
0.16051
0.16072
0.16094
0.16116
0.16137
0.16145
0.16167
0.16188
0.1621
0.16232
0.16253
0.16275
0.16296
0.16318
0.16339
0.16361
0.16382
0.16403
0.16425
0.16446
0.16468
0.16489
0.1651
0.16532
0.16553
0.16574
0.16595
0.16617
0.16638
0.16659
0.1668
0.16702
0.16723
0.16744
0.16765
0.16787
0.16808
0.16829
0.1685
0.16871
0.16892
0.16914
0.16935
0.16956
0.16977
0.16998
0.17019
0.1704
0.17061
0.17082
0.17092
0.17113
0.17134
0.17155
0.17176
0.17197
0.17218
0.17239
0.1726
0.17281
0.17302
0.17323
0.17344
0.17365
0.17385
0.17406
0.17427
0.17448
0.17469
0.1749
0.17511
0.17531
0.17552
0.17573
0.17594
0.17615
0.17635
0.17656
0.17677
0.17698
0.17718
0.17739
0.1776
0.17781
0.17801
0.17822
0.17842
0.17862
0.17883
0.17884
0.17904
0.17924
0.17944
0.17965
0.17985
0.18005
0.18024
0.18044
0.18064
0.18084
0.18104
0.18124
0.18143
0.18163
0.18183
0.18202
0.18222
0.18242
0.18261
0.18281
0.183
0.1832
0.18339
0.18359
0.18378
0.18398
0.18418
0.18437
0.18457
0.18476
0.18496
0.18515
0.18534
0.18538
0.18557
0.18577
0.18596
0.18616
0.18635
0.18654
0.18673
0.18693
0.18712
0.18731
0.1875
0.1877
0.18789
0.18808
0.18827
0.18846
0.18865
0.18884
0.18903
0.18922
0.1894
0.18959
0.18978
0.18996
0.19015
0.19034
0.19052
0.19071
0.1909
0.19108
0.19127
0.19146
0.19164
0.19183
0.19201
0.1922
0.19239
0.19257
0.19276
0.19295
0.19313
0.19332
0.1935
0.19369
0.19388
0.19406
0.19425
0.19443
0.19462
0.19481
0.19499
0.19518
0.19537
0.19555
0.19574
0.19593
0.19611
0.1963
0.19649
0.19668
0.19686
0.19705
0.19724
0.19742
0.19761
0.1978
0.19798
0.19817
0.19836
0.19855
0.19873
0.19892
0.19911
0.1993
0.19948
0.19967
0.19986
0.20005
0.20024
0.20042
0.20061
0.2008
0.20099
0.20118
0.20137
0.20156
0.20175
0.20193
0.20212
0.20231
0.2025
0.20269
0.20288
0.20307
0.20326
0.20345
0.20364
0.20383
0.20402
0.20421
0.20439
0.20458
0.20477
0.20496
0.20515
0.20534
0.20553
0.20572
0.20592
0.20611
0.2063
0.20649
0.20668
0.20687
0.20706
0.20725
0.20744
0.20763
0.20783
0.20802
0.20821
0.2084
0.20859
0.20878
0.20897
0.20916
0.20934
0.20953
0.20972
0.2099
0.21009
0.21028
0.21046
0.21065
0.21083
0.21101
0.2112
0.21138
0.21156
0.21175
0.21193
0.21211
0.21229
0.21248
0.21266
0.21284
0.21302
0.2132
0.21338
0.21356
0.21374
0.21392
0.2141
0.21428
0.21446
0.21464
0.21482
0.215
0.21518
0.21536
0.21554
0.21572
0.21589
0.21607
0.21625
0.21643
0.2166
0.21678
0.21696
0.21714
0.21731
0.21749
0.21767
0.21784
0.21802
0.2182
0.21837
0.21855
0.21872
0.2189
0.21907
0.21925
0.21943
0.2196
0.21978
0.21995
0.22013
0.2203
0.22046
0.22061
0.22076
0.22091
0.22105
0.22119
0.22133
0.22146
0.22159
0.22172
0.22185
0.22198
0.22211
0.22223
0.22236
0.22248
0.2226
0.22273
0.22285
0.22297
0.22309
0.22321
0.22333
0.22345
0.22356
0.22368
0.2238
0.22391
0.22403
0.22415
0.22426
0.22438
0.22449
0.22461
0.22472
0.22483
0.22495
0.22506
0.22517
0.22528
0.2254
0.22551
0.22562
0.22573
0.22584
0.22595
0.22606
0.22617
0.22628
0.22639
0.2265
0.22661
0.22672
0.22683
0.22694
0.22705
0.22715
0.22726
0.22737
0.22748
0.22759
0.22769
0.2278
0.22791
0.22801
0.22812
0.22822
0.22833
0.22844
0.22854
0.22865
0.22875
0.22886
0.22896
0.22906
0.22917
0.22927
0.22938
0.22948
0.22958
0.22969
0.22979
0.2299
0.23
0.2301
0.23021
0.23031
0.23041
0.23052
0.23062
0.23072
0.23083
0.23093
0.23103
0.23114
0.23124
0.23134
0.23144
0.23155
0.23165
0.23175
0.23185
0.23196
0.23206
0.23216
0.23226
0.23236
0.23247
0.23257
0.23267
0.23277
0.23287
0.23297
0.23308
0.23318
0.23328
0.23338
0.23348
0.23358
0.23368
0.23379
0.23389
0.23399
0.23409
0.23419
0.23429
0.23439
0.23449
0.23459
0.23469
0.23479
0.23489
0.235
0.2351
0.2352
0.2353
0.2354
0.2355
0.2356
0.2357
0.2358
0.2359
0.2359
0.236
0.2361
0.2362
0.2363
0.2364
0.2365
0.2366
0.2367
0.2368
0.2369
0.237
0.2371
0.2372
0.2373
0.2374
0.2375
0.2376
0.2377
0.23779
0.23789
0.23799
0.23809
0.23819
0.23829
0.23839
0.23849
0.23859
0.23868
0.23878
0.23888
0.23898
0.23908
0.23918
0.23928
0.23937
0.23947
0.23957
0.23967
0.23977
0.23987
0.23996
0.24006
0.24016
0.24026
0.24036
0.24046
0.24055
0.24065
0.24075
0.24085
0.24094
0.24104
0.24114
0.24124
0.24134
0.24143
0.24153
0.24163
0.24173
0.24182
0.24192
0.24202
0.24212
0.24221
0.24231
0.24241
0.24251
0.2426
0.2427
0.2428
0.24289
0.24299
0.24309
0.24318
0.24328
0.24338
0.24348
0.24357
0.24367
0.24377
0.24386
0.24396
0.24406
0.24415
0.24425
0.24435
0.24444
0.24454
0.24463
0.24473
0.24483
0.24492
0.24502
0.24512
0.24521
0.24531
0.24541
0.2455
0.2456
0.24569
0.24579
0.24589
0.24598
0.24608
0.24617
0.24627
0.24637
0.24646
0.24656
0.24665
0.24675
0.24684
0.24694
0.24704
0.24713
0.24723
0.24732
0.24742
0.24751
0.24761
0.2477
0.2478
0.24789
0.24799
0.24808
0.24818
0.24828
0.24837
0.24847
0.24856
0.24866
0.24875
0.24885
0.24894
0.24904
0.24913
0.24923
0.24932
0.24942
0.24951
0.24961
0.2497
0.2498
0.24989
0.24999
0.25001
0.25011
0.2502
0.2503
0.25039
0.25049
0.25058
0.25068
0.25077
0.25087
0.25096
0.25106
0.25115
0.25125
0.25134
0.25144
0.25153
0.25163
0.25172
0.25182
0.25191
0.252
0.2521
0.25219
0.25229
0.25238
0.25248
0.25257
0.25267
0.25276
0.25285
0.25295
0.25304
0.25314
0.25323
0.25332
0.25342
0.25351
0.25361
0.2537
0.25379
0.25389
0.25398
0.25408
0.25417
0.25426
0.25436
0.25445
0.25455
0.25464
0.25473
0.25483
0.25492
0.25501
0.25511
0.2552
0.25529
0.25539
0.25548
0.25557
0.25567
0.25576
0.25585
0.25595
0.25604
0.25613
0.25623
0.25632
0.25641
0.25651
0.2566
0.25669
0.25679
0.25688
0.25697
0.25706
0.25716
0.25725
0.25734
0.25744
0.25753
0.25762
0.25771
0.25781
0.2579
0.25799
0.25809
0.25818
0.25827
0.25836
0.25846
0.25855
0.25864
0.25873
0.25883
0.25892
0.25901
0.2591
0.2592
0.25929
0.25938
0.25947
0.25956
0.25966
0.25975
0.25984
0.25993
0.26002
0.26012
0.26021
0.2603
0.26039
0.26048
0.26058
0.26067
0.26076
0.26085
0.26094
0.26104
0.26113
0.26122
0.26131
0.2614
0.26149
0.26159
0.26168
0.26177
0.26186
0.26195
0.26204
0.26214
0.26223
0.26232
0.26241
0.2625
0.26259
0.26268
0.26278
0.26287
0.26296
0.26305
0.26314
0.26323
0.26332
0.26341
0.2635
0.2636
0.26369
0.26378
0.26387
0.26396
0.26405
0.26414
0.26423
0.26432
0.26442
0.26451
0.2646
0.26469
0.26478
0.26487
0.26496
0.26505
0.26514
0.26523
0.26532
0.26541
0.2655
0.26559
0.26569
0.26578
0.26587
0.26596
0.26605
0.26614
0.26623
0.26632
0.26641
0.2665
0.26659
0.26668
0.26677
0.26686
0.26695
0.26704
0.26713
0.26722
0.26731
0.2674
0.26749
0.26758
0.26767
0.26776
0.26785
0.26794
0.26803
0.26812
0.26821
0.2683
0.26839
0.26848
0.26857
0.26866
0.26875
0.26884
0.26893
0.26902
0.26911
0.2692
0.26929
0.26938
0.26947
0.26956
0.26965
0.26974
0.26983
0.26992
0.27001
0.2701
0.27019
0.27028
0.27037
0.27046
0.27055
0.27064
0.27073
0.27081
0.2709
0.27099
0.27108
0.27117
0.27126
0.27135
0.27144
0.27153
0.27162
0.27171
0.2718
0.27189
0.27198
0.27207
0.27216
0.27225
0.27233
0.27242
0.27251
0.2726
0.27269
0.27278
0.27287
0.27296
0.27305
0.27314
0.27323
0.27332
0.2734
0.27349
0.27358
0.27367
0.27376
0.27385
0.27394
0.27403
0.27412
0.27421
0.27429
0.27438
0.27447
0.27456
0.27465
0.27474
0.27483
0.27492
0.275
0.27509
0.27518
0.27527
0.27536
0.27545
0.27554
0.27563
0.27571
0.2758
0.27589
0.27598
0.27607
0.27616
0.27625
0.27633
0.27642
0.27651
0.2766
0.27669
0.27678
0.27686
0.27695
0.27704
0.27713
0.27722
0.27731
0.2774
0.27748
0.27757
0.27766
0.27775
0.27784
0.27792
0.27801
0.2781
0.27819
0.27828
0.27837
0.27845
0.27854
0.27863
0.27872
0.27881
0.27889
0.27898
0.27907
0.27916
0.27925
0.27933
0.27942
0.27951
0.2796
0.27969
0.27977
0.27986
0.27995
0.28004
0.28013
0.28021
0.2803
0.28039
0.28048
0.28056
0.28065
0.28074
0.28083
0.28092
0.281
0.28109
0.28118
0.28127
0.28135
0.28144
0.28153
0.28162
0.2817
0.28179
0.28188
0.28196
0.28205
0.28214
0.28223
0.28231
0.2824
0.28249
0.28258
0.28266
0.28275
0.28284
0.28293
0.28301
0.2831
0.28319
0.28328
0.28336
0.28345
0.28354
0.28363
0.28371
0.2838
0.28389
0.28398
0.28406
0.28415
0.28424
0.28432
0.28441
0.2845
0.28459
0.28467
0.28476
0.28485
0.28493
0.28502
0.28511
0.2852
0.28528
0.28537
0.28546
0.28555
0.28563
0.28572
0.28581
0.28589
0.28598
0.28607
0.28615
0.28624
0.28633
0.28642
0.2865
0.28659
0.28668
0.28676
0.28685
0.28694
0.28702
0.28711
0.2872
0.28729
0.28737
0.28746
0.28755
0.28763
0.28772
0.28781
0.28789
0.28798
0.28807
0.28815
0.28824
0.28833
0.28841
0.2885
0.28859
0.28867
0.28876
0.28885
0.28894
0.28902
0.28911
0.2892
0.28928
0.28937
0.28946
0.28954
0.28963
0.28972
0.2898
0.28989
0.28998
0.29006
0.29015
0.29024
0.29032
0.29041
0.2905
0.29058
0.29067
0.29076
0.29084
0.29093
0.29102
0.2911
0.29119
0.29128
0.29136
0.29145
0.29153
0.29162
0.29171
0.29179
0.29188
0.29197
0.29205
0.29214
0.29223
0.29231
0.2924
0.29249
0.29257
0.29266
0.29275
0.29283
0.29292
0.29301
0.29309
0.29318
0.29327
0.29335
0.29344
0.29352
0.29361
0.2937
0.29378
0.29387
0.29396
0.29404
0.29413
0.29422
0.2943
0.29439
0.29448
0.29456
0.29465
0.29474
0.29482
0.29491
0.295
0.29508
0.29517
0.29525
0.29534
0.29543
0.29551
0.2956
0.29569
0.29577
0.29586
0.29595
0.29603
0.29612
0.29621
0.29629
0.29638
0.29646
0.29655
0.29664
0.29672
0.29681
0.2969
0.29698
0.29707
0.29711
0.2972
0.29729
0.29737
0.29746
0.29754
0.29763
0.29772
0.2978
0.29789
0.29798
0.29806
0.29815
0.29824
0.29832
0.29841
0.29849
0.29858
0.29867
0.29875
0.29884
0.29893
0.29901
0.2991
0.29918
0.29927
0.29936
0.29944
0.29953
0.29962
0.2997
0.29979
0.29987
0.29996
0.30005
0.30013
0.30022
0.30031
0.30039
0.30048
0.30056
0.30065
0.30074
0.30082
0.30091
0.30099
0.30108
0.30117
0.30125
0.30134
0.30143
0.30148
0.30157
0.30166
0.30174
0.30183
0.30191
0.302
0.30209
0.30217
0.30226
0.30234
0.30243
0.30252
0.3026
0.30269
0.30278
0.30286
0.30295
0.30303
0.30312
0.30321
0.30329
0.30338
0.30346
0.30355
0.30364
0.30372
0.30381
0.30389
0.30398
0.30407
0.30415
0.30424
0.30432
0.30441
0.3045
0.30458
0.30467
0.30475
0.30484
0.30492
0.30501
0.3051
0.30518
0.30527
0.30535
0.30544
0.30553
0.30561
0.3057
0.30578
0.30587
0.30595
0.30604
0.30612
0.30621
0.3063
0.30638
0.30647
0.30655
0.30664
0.30672
0.30681
0.30689
0.30698
0.30707
0.30715
0.30724
0.30732
0.30741
0.30749
0.30758
0.30766
0.30775
0.30783
0.30792
0.308
0.30809
0.30817
0.30826
0.30834
0.30843
0.30851
0.3086
0.30868
0.30877
0.30886
0.30894
0.30902
0.30911
0.30919
0.30928
0.30936
0.30945
0.30953
0.30962
0.3097
0.30979
0.30987
0.30996
0.31004
0.31013
0.31021
0.3103
0.31038
0.31047
0.31055
0.31064
0.31072
0.3108
0.31089
0.31097
0.31106
0.31114
0.31123
0.31131
0.3114
0.31148
0.31157
0.31165
0.31173
0.31182
0.3119
0.31199
0.31207
0.31216
0.31224
0.31233
0.31241
0.31249
0.31258
0.31266
0.31275
0.31283
0.31292
0.313
0.31309
0.31317
0.31325
0.31334
0.31342
0.31351
0.31359
0.31368
0.31376
0.31384
0.31393
0.31401
0.3141
0.31418
0.31426
0.31435
0.31443
0.31452
0.3146
0.31468
0.31477
0.31485
0.31494
0.31502
0.31511
0.31519
0.31527
0.31536
0.31544
0.31553
0.31561
0.31569
0.31578
0.31586
0.31594
0.31603
0.31611
0.3162
0.31628
0.31636
0.31645
0.31653
0.31662
0.3167
0.31678
0.31687
0.31695
0.31704
0.31712
0.3172
0.31729
0.31737
0.31745
0.31754
0.31762
0.31771
0.31779
0.31787
0.31796
0.31804
0.31812
0.31821
0.31829
0.31838
0.31846
0.31854
0.31863
0.31871
0.31879
0.31888
0.31896
0.31905
0.31913
0.31921
0.3193
0.31938
0.31946
0.31955
0.31963
0.31972
0.3198
0.31988
0.31997
0.32005
0.32013
0.32022
0.3203
0.32039
0.32047
0.32055
0.32064
0.32072
0.3208
0.32089
0.32097
0.32106
0.32114
0.32122
0.32131
0.32139
0.32147
0.32156
0.32164
0.32173
0.32181
0.32189
0.32198
0.32206
0.32214
0.32223
0.32231
0.32239
0.32248
0.32256
0.32265
0.32273
0.32281
0.3229
0.32298
0.32306
0.32315
0.32323
0.32332
0.3234
0.32348
0.32357
0.32365
0.32373
0.32382
0.3239
0.32399
0.32407
0.32415
0.32424
0.32432
0.3244
0.32449
0.32457
0.32465
0.32474
0.32482
0.32491
0.32499
0.32507
0.32516
0.32524
0.32532
0.32541
0.32549
0.32558
0.32566
0.32574
0.32583
0.32589
0.32597
0.32606
0.32614
0.32622
0.32631
0.32639
0.32647
0.32656
0.32664
0.32673
0.32681
0.32689
0.32698
0.32706
0.32714
0.32723
0.32731
0.3274
0.32748
0.32756
0.32765
0.32773
0.32781
0.3279
0.32798
0.32807
0.32815
0.32823
0.32832
0.3284
0.32848
0.32857
0.32865
0.32874
0.32882
0.3289
0.32899
0.32907
0.32909
0.32918
0.32926
0.32934
0.32943
0.32951
0.3296
0.32968
0.32976
0.32985
0.32993
0.33001
0.3301
0.33018
0.33027
0.33035
0.33043
0.33052
0.3306
0.33068
0.33077
0.33085
0.33094
0.33102
0.3311
0.33119
0.33127
0.33136
0.33144
0.33152
0.33161
0.33169
0.33177
0.33186
0.33194
0.33202
0.33211
0.33219
0.33228
0.33236
0.33244
0.33253
0.33261
0.3327
0.33278
0.33286
0.33295
0.33303
0.33311
0.3332
0.33328
0.33337
0.33345
0.33353
0.33362
0.3337
0.33379
0.33387
0.33395
0.33404
0.33412
0.33421
0.33429
0.33437
0.33446
0.33454
0.33462
0.33471
0.33479
0.33488
0.33496
0.33504
0.33513
0.33521
0.3353
0.33538
0.33546
0.33555
0.33563
0.33572
0.3358
0.33588
0.33597
0.33605
0.33614
0.33622
0.3363
0.33639
0.33647
0.33656
0.33664
0.33672
0.33681
0.33689
0.33698
0.33706
0.33714
0.33723
0.33731
0.3374
0.33748
0.33756
0.33765
0.33773
0.33782
0.3379
0.33798
0.33807
0.33815
0.33824
0.33832
0.3384
0.33849
0.33857
0.33866
0.33874
0.33882
0.33891
0.33899
0.33908
0.33916
0.33924
0.33933
0.33941
0.3395
0.33958
0.33967
0.33975
0.33983
0.33992
0.34
0.34009
0.34017
0.34025
0.34034
0.34042
0.34051
0.34059
0.34067
0.34076
0.34084
0.34093
0.34101
0.3411
0.34118
0.34126
0.34135
0.34143
0.34152
0.3416
0.34168
0.34177
0.34185
0.34194
0.34202
0.34211
0.34219
0.34227
0.34236
0.34244
0.34253
0.34261
0.3427
0.34278
0.34286
0.34295
0.34303
0.34312
0.3432
0.34328
0.34337
0.34345
0.34354
0.34362
0.34371
0.34379
0.34387
0.34396
0.34404
0.34413
0.34421
0.3443
0.34438
0.34446
0.34455
0.34463
0.34472
0.3448
0.34489
0.34497
0.34506
0.34514
0.34522
0.34531
0.34539
0.34548
0.34556
0.34565
0.34573
0.34581
0.3459
0.34598
0.34607
0.34615
0.34624
0.34632
0.34641
0.34649
0.34657
0.34666
0.34674
0.34683
0.34691
0.347
0.34708
0.34717
0.34725
0.34733
0.34742
0.3475
0.34759
0.34767
0.34776
0.34784
0.34793
0.34801
0.34809
0.34818
0.34826
0.34835
0.34843
0.34852
0.3486
0.34869
0.34877
0.34886
0.34894
0.34902
0.34911
0.34919
0.34928
0.34936
0.34945
0.34953
0.34962
0.3497
0.34979
0.34987
0.34995
0.35004
0.35012
0.35021
0.35029
0.35038
0.35046
0.35055
0.35063
0.35072
0.3508
0.35089
0.35097
0.35105
0.35114
0.35122
0.35131
0.35139
0.35148
0.35156
0.35165
0.35173
0.35182
0.3519
0.35199
0.35207
0.35216
0.35224
0.35233
0.35241
0.35249
0.35258
0.35266
0.35275
0.35283
0.35292
0.353
0.35309
0.35317
0.35326
0.35334
0.35343
0.35351
0.3536
0.35368
0.35377
0.35385
0.35394
0.35402
0.35411
0.35419
0.35428
0.35436
0.35444
0.35453
0.35461
0.3547
0.35478
0.35487
0.35495
0.35504
0.35512
0.35521
0.35529
0.35538
0.35546
0.35555
0.35563
0.35572
0.3558
0.35589
0.35597
0.35606
0.35614
0.35623
0.35631
0.3564
0.35648
0.35657
0.35665
0.35674
0.35682
0.35691
0.35699
0.35708
0.35716
0.35725
0.35733
0.35742
0.3575
0.35759
0.35767
0.35776
0.35784
0.35793
0.35801
0.3581
0.35818
0.35827
0.35835
0.35844
0.35852
0.35861
0.35869
0.35878
0.35886
0.35895
0.35903
0.35912
0.3592
0.35929
0.35937
0.35946
0.35954
0.35963
0.35971
0.3598
0.35988
0.35997
0.36005
0.36014
0.36022
0.36031
0.36039
0.36048
0.36056
0.36065
0.36073
0.36082
0.36091
0.36099
0.36108
0.36116
0.36125
0.36133
0.36142
0.3615
0.36159
0.36167
0.36176
0.36184
0.36193
0.36201
0.3621
0.36218
0.36227
0.36235
0.36244
0.36252
0.36261
0.36269
0.36278
0.36287
0.36295
0.36304
0.36312
0.36321
0.36329
0.36338
0.36346
0.36355
0.36363
0.36372
0.3638
0.36389
0.36397
0.36406
0.36414
0.36423
0.36432
0.3644
0.36449
0.36457
0.36466
0.36474
0.36483
0.36491
0.365
0.36508
0.36517
0.36525
0.36534
0.36543
0.36551
0.3656
0.36568
0.36577
0.36585
0.36594
0.36602
0.36611
0.36619
0.36628
0.36637
0.36645
0.36654
0.36662
0.36671
0.36679
0.36688
0.36696
0.36705
0.36713
0.36722
0.36731
0.36739
0.36748
0.36756
0.36765
0.36773
0.36782
0.3679
0.36799
0.36808
0.36816
0.36825
0.36833
0.36842
0.3685
0.36859
0.36867
0.36876
0.36885
0.36893
0.36902
0.3691
0.36919
0.36927
0.36936
0.36944
0.36953
0.36962
0.3697
0.36979
0.36987
0.36996
0.37004
0.37013
0.37022
0.3703
0.37039
0.37047
0.37056
0.37064
0.37073
0.37082
0.3709
0.37099
0.37107
0.37116
0.37124
0.37133
0.37142
0.3715
0.37159
0.37167
0.37176
0.37184
0.37193
0.37202
0.3721
0.37219
0.37227
0.37236
0.37244
0.37253
0.37262
0.3727
0.37279
0.37287
0.37296
0.37304
0.37313
0.37322
0.3733
0.37339
0.37347
0.37356
0.37364
0.37373
0.37382
0.3739
0.37399
0.37407
0.37416
0.37425
0.37433
0.37442
0.3745
0.37459
0.37467
0.37476
0.37485
0.37493
0.37502
0.3751
0.37519
0.37528
0.37536
0.37545
0.37553
0.37562
0.3757
0.37579
0.37588
0.37596
0.37605
0.37613
0.37622
0.37631
0.37639
0.37648
0.37656
0.37665
0.37674
0.37682
0.37691
0.37699
0.37708
0.37717
0.37725
0.37734
0.37742
0.37751
0.37759
0.37768
0.37777
0.37785
0.37794
0.37802
0.37811
0.3782
0.37828
0.37837
0.37845
0.37854
0.37863
0.37871
0.3788
0.37888
0.37897
0.37906
0.37914
0.37923
0.37931
0.3794
0.37949
0.37957
0.37966
0.37974
0.37983
0.37992
0.38
0.38009
0.38017
0.38026
0.38035
0.38043
0.38052
0.3806
0.38069
0.38078
0.38086
0.38095
0.38104
0.38112
0.38121
0.38129
0.38138
0.38147
0.38155
0.38164
0.38172
0.38181
0.3819
0.38198
0.38207
0.38215
0.38224
0.38233
0.38241
0.3825
0.38259
0.38267
0.38276
0.38284
0.38293
0.38302
0.3831
0.38319
0.38328
0.38336
0.38345
0.38353
0.38362
0.38371
0.38379
0.38388
0.38396
0.38405
0.38414
0.38422
0.38431
0.3844
0.38448
0.38457
0.38466
0.38474
0.38483
0.38491
0.385
0.38509
0.38517
0.38526
0.38535
0.38543
0.38552
0.38561
0.38569
0.38578
0.38586
0.38595
0.38604
0.38612
0.38621
0.3863
0.38638
0.38647
0.38656
0.38664
0.38673
0.38682
0.3869
0.38699
0.38707
0.38716
0.38725
0.38733
0.38742
0.38751
0.38759
0.38768
0.38777
0.38785
0.38794
0.38803
0.38811
0.3882
0.38829
0.38837
0.38846
0.38855
0.38863
0.38872
0.38881
0.38889
0.38898
0.38906
0.38915
0.38924
0.38932
0.38941
0.3895
0.38958
0.38967
0.38976
0.38984
0.38993
0.39002
0.3901
0.39019
0.39028
0.39036
0.39045
0.39054
0.39062
0.39071
0.3908
0.39088
0.39097
0.39106
0.39114
0.39123
0.39132
0.3914
0.39149
0.39158
0.39166
0.39175
0.39184
0.39192
0.39201
0.3921
0.39219
0.39227
0.39236
0.39245
0.39253
0.39262
0.39271
0.39279
0.39288
0.39297
0.39305
0.39314
0.39323
0.39331
0.3934
0.39349
0.39357
0.39366
0.39375
0.39383
0.39392
0.39401
0.3941
0.39418
0.39427
0.39436
0.39444
0.39453
0.39462
0.3947
0.39479
0.39488
0.39496
0.39505
0.39514
0.39523
0.39531
0.3954
0.39549
0.39557
0.39566
0.39575
0.39583
0.39592
0.39601
0.39609
0.39618
0.39627
0.39636
0.39644
0.39653
0.39662
0.3967
0.39679
0.39688
0.39697
0.39705
0.39714
0.39723
0.39731
0.3974
0.39749
0.39757
0.39766
0.39775
0.39784
0.39792
0.39801
0.3981
0.39818
0.39827
0.39836
0.39845
0.39853
0.39862
0.39871
0.39879
0.39888
0.39897
0.39906
0.39914
0.39923
0.39932
0.3994
0.39949
0.39958
0.39967
0.39975
0.39984
0.39993
0.40001
0.4001
0.40019
0.40028
0.40036
0.40045
0.40054
0.40063
0.40071
0.4008
0.40089
0.40097
0.40106
0.40115
0.40124
0.40132
0.40141
0.4015
0.40159
0.40167
0.40176
0.40185
0.40193
0.40202
0.40211
0.4022
0.40228
0.40237
0.40246
0.40255
0.40263
0.40272
0.40281
0.4029
0.40298
0.40307
0.40316
0.40324
0.40333
0.40342
0.40351
0.40359
0.40368
0.40377
0.40386
0.40394
0.40403
0.40412
0.40421
0.40429
0.40438
0.40447
0.40456
0.40464
0.40473
0.40482
0.40491
0.40499
0.40508
0.40517
0.40526
0.40534
0.40543
0.40552
0.40561
0.40569
0.40578
0.40587
0.40596
0.40604
0.40613
0.40622
0.40631
0.40639
0.40648
0.40657
0.40666
0.40674
0.40683
0.40692
0.40701
0.40709
0.40718
0.40727
0.40736
0.40745
0.40753
0.40762
0.40771
0.4078
0.40788
0.40797
0.40806
0.40815
0.40823
0.40832
0.40841
0.4085
0.40858
0.40867
0.40876
0.40885
0.40894
0.40902
0.40911
0.4092
0.40929
0.40937
0.40946
0.40955
0.40964
0.40973
0.40981
0.4099
0.40999
0.41008
0.41016
0.41025
0.41034
0.41043
0.41052
0.4106
0.41069
0.41078
0.41087
0.41095
0.41104
0.41113
0.41122
0.41131
0.41139
0.41148
0.41157
0.41166
0.41174
0.41183
0.41192
0.41201
0.4121
0.41218
0.41227
0.41236
0.41245
0.41254
0.41262
0.41271
0.4128
0.41289
0.41298
0.41306
0.41315
0.41324
0.41333
0.41342
0.4135
0.41359
0.41368
0.41377
0.41385
0.41394
0.41403
0.41412
0.41421
0.41429
0.41438
0.41447
0.41456
0.41465
0.41473
0.41482
0.41491
0.415
0.41509
0.41518
0.41526
0.41535
0.41544
0.41553
0.41562
0.4157
0.41579
0.41588
0.41597
0.41598
0.41607
0.41615
0.41624
0.41633
0.41642
0.41651
0.41659
0.41668
0.41677
0.41686
0.41695
0.41703
0.41712
0.41721
0.4173
0.41739
0.41748
0.41756
0.41765
0.41774
0.41783
0.41792
0.418
0.41809
0.41818
0.41827
0.41836
0.41845
0.41853
0.41862
0.41871
0.4188
0.41889
0.41897
0.41906
0.41915
0.41924
0.41933
0.41942
0.4195
0.41959
0.41968
0.41977
0.41986
0.41995
0.42003
0.42012
0.42021
0.4203
0.42039
0.42047
0.42056
0.42065
0.42074
0.42083
0.42092
0.421
0.42109
0.42118
0.42127
0.42136
0.42145
0.42153
0.42162
0.42171
0.4218
0.42189
0.42198
0.42206
0.42215
0.42224
0.42233
0.42242
0.42251
0.4226
0.42268
0.42277
0.42286
0.42295
0.42304
0.42313
0.42321
0.4233
0.42339
0.42348
0.42357
0.42366
0.42374
0.42383
0.42392
0.42401
0.4241
0.42419
0.42428
0.42436
0.42445
0.42454
0.42463
0.42472
0.42481
0.4249
0.42498
0.42507
0.42516
0.42525
0.42534
0.42543
0.42552
0.4256
0.42569
0.42578
0.42587
0.42596
0.42605
0.42614
0.42622
0.42631
0.4264
0.42649
0.42658
0.42667
0.42676
0.42684
0.42693
0.42702
0.42711
0.4272
0.42729
0.42738
0.42746
0.42755
0.42764
0.42773
0.42782
0.42791
0.428
0.42809
0.42817
0.42826
0.42835
0.42844
0.42853
0.42862
0.42871
0.42879
0.42888
0.42897
0.42906
0.42915
0.42924
0.42933
0.42942
0.4295
0.42959
0.42968
0.42977
0.42986
0.42995
0.43004
0.43013
0.43022
0.4303
0.43039
0.43048
0.43057
0.43066
0.43075
0.43084
0.43093
0.43101
0.4311
0.43119
0.43128
0.43137
0.43146
0.43155
0.43164
0.43173
0.43181
0.4319
0.43199
0.43208
0.43217
0.43226
0.43235
0.43244
0.43253
0.43261
0.4327
0.43279
0.43288
0.43297
0.43306
0.43315
0.43324
0.43333
0.43342
0.4335
0.43359
0.43368
0.43377
0.43386
0.43395
0.43404
0.43413
0.43422
0.43431
0.43439
0.43448
0.43457
0.43466
0.43475
0.43484
0.43493
0.43502
0.43511
0.4352
0.43528
0.43537
0.43546
0.43555
0.43563
0.43572
0.43581
0.4359
0.43599
0.43608
0.43617
0.43626
0.43635
0.43644
0.43653
0.43661
0.4367
0.43679
0.43688
0.43697
0.43706
0.43715
0.43724
0.43733
0.43742
0.43751
0.4376
0.43768
0.43777
0.43786
0.43795
0.43804
0.43813
0.43822
0.43831
0.4384
0.43849
0.43858
0.43867
0.43876
0.43884
0.43893
0.43902
0.43911
0.4392
0.43929
0.43938
0.43947
0.43956
0.43965
0.43974
0.43983
0.43992
0.44001
0.44009
0.44018
0.44027
0.44036
0.44045
0.44054
0.44063
0.44072
0.44081
0.4409
0.44099
0.44108
0.44111
0.4412
0.44129
0.44138
0.44147
0.44156
0.44165
0.44174
0.44183
0.44192
0.44201
0.4421
0.44219
0.44228
0.44237
0.44246
0.44255
0.44263
0.44272
0.44281
0.4429
0.44299
0.44308
0.44317
0.44326
0.44335
0.44344
0.44353
0.44362
0.44371
0.4438
0.44389
0.44398
0.44407
0.44416
0.44425
0.44434
0.44442
0.44451
0.4446
0.44469
0.44478
0.44487
0.44496
0.44505
0.44514
0.44523
0.44532
0.44541
0.4455
0.44559
0.44568
0.44577
0.44586
0.44595
0.44604
0.44613
0.44622
0.44631
0.4464
0.44649
0.44658
0.44667
0.44676
0.44685
0.44694
0.44702
0.44711
0.4472
0.44729
0.44738
0.44747
0.44756
0.44765
0.44774
0.44783
0.44792
0.44801
0.4481
0.44819
0.44828
0.44837
0.44846
0.44855
0.44864
0.44873
0.44882
0.44891
0.449
0.44909
0.44918
0.44927
0.44936
0.44945
0.44954
0.44963
0.44972
0.44981
0.4499
0.44999
0.45008
0.45017
0.45026
0.45035
0.45044
0.45053
0.45062
0.45071
0.4508
0.45089
0.45098
0.45107
0.45116
0.45125
0.45134
0.45143
0.45152
0.45161
0.4517
0.45179
0.45188
0.45197
0.45206
0.45214
0.45223
0.45232
0.45241
0.4525
0.45259
0.45268
0.45277
0.45286
0.45295
0.45304
0.45313
0.45322
0.45331
0.4534
0.45349
0.45358
0.45367
0.45376
0.45385
0.45394
0.45403
0.45412
0.45421
0.4543
0.45439
0.45448
0.45457
0.45466
0.45475
0.45484
0.45493
0.45502
0.45511
0.4552
0.45529
0.45538
0.45547
0.45556
0.45565
0.45574
0.45583
0.45592
0.45601
0.4561
0.45619
0.45628
0.45637
0.45646
0.45655
0.45664
0.45673
0.45682
0.45691
0.457
0.45709
0.45718
0.45727
0.45736
0.45745
0.45754
0.4576
0.45769
0.45778
0.45787
0.45796
0.45805
0.45814
0.45823
0.45832
0.45841
0.4585
0.45859
0.45868
0.45877
0.45886
0.45895
0.45904
0.45913
0.45922
0.45931
0.4594
0.45949
0.45958
0.45967
0.45976
0.45985
0.45994
0.46003
0.46012
0.46021
0.4603
0.46039
0.46048
0.46057
0.46066
0.46075
0.46084
0.46093
0.46102
0.46111
0.4612
0.46129
0.46138
0.46147
0.46156
0.46165
0.46174
0.46183
0.46192
0.46201
0.4621
0.46219
0.46228
0.46237
0.46246
0.46255
0.46264
0.46273
0.46282
0.46291
0.463
0.46309
0.46318
0.46327
0.46336
0.46345
0.46354
0.46363
0.46373
0.46382
0.46391
0.464
0.46409
0.46418
0.46427
0.46436
0.46445
0.46454
0.46463
0.46472
0.46481
0.4649
0.46499
0.46508
0.46517
0.46526
0.46535
0.46544
0.46553
0.46562
0.46571
0.4658
0.46589
0.46598
0.46607
0.46616
0.46625
0.46634
0.46643
0.46652
0.46661
0.4667
0.46679
0.46688
0.46697
0.46706
0.46715
0.46724
0.46733
0.46742
0.46752
0.46761
0.4677
0.46779
0.46788
0.46797
0.46806
0.46815
0.46824
0.46833
0.46842
0.46851
0.4686
0.46869
0.46878
0.46887
0.46896
0.46905
0.46914
0.46923
0.46932
0.46941
0.4695
0.46959
0.46968
0.46977
0.46986
0.46995
0.47004
0.47013
0.47022
0.47031
0.4704
0.47049
0.47059
0.47068
0.47077
0.47086
0.47095
0.47104
0.47113
0.47122
0.47131
0.4714
0.47149
0.47158
0.47165
0.47174
0.47183
0.47192
0.47201
0.4721
0.47219
0.47228
0.47237
0.47247
0.47256
0.47265
0.47274
0.47283
0.47292
0.47301
0.4731
0.47319
0.47328
0.47337
0.47346
0.47355
0.47364
0.47373
0.47382
0.47391
0.474
0.47409
0.47418
0.47427
0.47436
0.47445
0.47454
0.47464
0.47473
0.47482
0.47491
0.475
0.47509
0.47518
0.47527
0.47536
0.47545
0.47554
0.47563
0.47572
0.47581
0.4759
0.47599
0.47608
0.47617
0.47626
0.47635
0.47645
0.47654
0.47663
0.47672
0.47681
0.4769
0.47699
0.47708
0.47717
0.47726
0.47735
0.47744
0.47753
0.47762
0.47771
0.4778
0.47789
0.47798
0.47808
0.47817
0.47826
0.47835
0.47844
0.47853
0.47862
0.47871
0.4788
0.47889
0.47898
0.47907
0.47916
0.47925
0.47934
0.47943
0.47953
0.47962
0.47971
0.4798
0.47989
0.47998
0.48007
0.48016
0.48025
0.48034
0.48043
0.48052
0.48061
0.48062
0.48071
0.4808
0.48089
0.48098
0.48107
0.48116
0.48125
0.48134
0.48144
0.48153
0.48162
0.48171
0.4818
0.48189
0.48198
0.48207
0.48216
0.48225
0.48234
0.48243
0.48252
0.48261
0.48271
0.4828
0.48289
0.48298
0.48307
0.48316
0.48325
0.48334
0.48343
0.48352
0.48361
0.4837
0.4838
0.48389
0.48398
0.48407
0.48416
0.48425
0.48434
0.48443
0.48452
0.48461
0.4847
0.48479
0.48488
0.48498
0.48507
0.48516
0.48525
0.48534
0.48543
0.48552
0.48561
0.4857
0.48579
0.48588
0.48597
0.48607
0.48616
0.48625
0.48634
0.48643
0.48652
0.48661
0.4867
0.48679
0.48688
0.48697
0.48707
0.48716
0.48725
0.48734
0.48743
0.48752
0.48761
0.4877
0.48779
0.48788
0.48797
0.48806
0.48816
0.48825
0.48834
0.48843
0.48852
0.48861
0.4887
0.48879
0.48888
0.48897
0.48906
0.48915
0.48924
0.48933
0.48943
0.48952
0.48961
0.4897
0.48979
0.48988
0.48997
0.49006
0.49015
0.49024
0.49034
0.49043
0.49052
0.49061
0.4907
0.49079
0.49088
0.49097
0.49106
0.49115
0.49124
0.49134
0.49143
0.49152
0.49161
0.4917
0.49179
0.49188
0.49197
0.49206
0.49215
0.49225
0.49234
0.49243
0.49252
0.49261
0.4927
0.49279
0.49288
0.49297
0.49306
0.49316
0.49325
0.49334
0.49343
0.49352
0.49361
0.4937
0.49379
0.49388
0.49397
0.49407
0.49416
0.49425
0.49434
0.49443
0.49452
0.49461
0.4947
0.49479
0.49488
0.49498
0.49507
0.49516
0.49525
0.49534
0.49543
0.49552
0.49561
0.4957
0.49579
0.49589
0.49598
0.49607
0.49616
0.49625
0.49634
0.49643
0.49652
0.49661
0.49671
0.4968
0.49689
0.49698
0.49707
0.49716
0.49725
0.49734
0.49743
0.49753
0.49762
0.49771
0.4978
0.49789
0.49798
0.49807
0.49816
0.49826
0.49835
0.49844
0.49853
0.49862
0.49871
0.4988
0.49889
0.49899
0.49908
0.49917
0.49926
0.49935
0.49944
0.49953
0.49962
0.49972
0.49981
0.4999
0.49999
0.50008
0.50017
0.50026
0.50036
0.50045
0.50054
0.50063
0.50072
0.50081
0.5009
0.501
0.50105
0.50114
0.50123
0.50132
0.50141
0.5015
0.5016
0.50169
0.50178
0.50187
0.50196
0.50205
0.50215
0.50224
0.50233
0.50242
0.50251
0.5026
0.50269
0.50279
0.50288
0.50297
0.50306
0.50315
0.50324
0.50334
0.50343
0.50352
0.50361
0.5037
0.50379
0.50389
0.50398
0.50407
0.50416
0.50425
0.50434
0.50444
0.50453
0.50462
0.50471
0.5048
0.5049
0.50499
0.50508
0.50517
0.50526
0.50535
0.50545
0.50554
0.50563
0.50572
0.50581
0.50591
0.506
0.50609
0.50618
0.50627
0.50637
0.50646
0.50655
0.50664
0.50673
0.50682
0.50692
0.50701
0.5071
0.50719
0.50728
0.50738
0.50747
0.50756
0.50765
0.50775
0.50784
0.50793
0.50802
0.50811
0.50821
0.5083
0.50839
0.50848
0.50857
0.50867
0.50876
0.50885
0.50894
0.50903
0.50913
0.50922
0.50931
0.5094
0.5095
0.50959
0.50968
0.50977
0.50986
0.50996
0.51005
0.51014
0.51023
0.51033
0.51042
0.51051
0.5106
0.5107
0.51079
0.51088
0.51097
0.51106
0.51116
0.51125
0.51134
0.51143
0.51153
0.51162
0.51171
0.5118
0.5119
0.51199
0.51208
0.51217
0.51227
0.51236
0.51245
0.51254
0.51264
0.51273
0.51282
0.51292
0.51301
0.5131
0.51319
0.51329
0.51338
0.51347
0.51356
0.51366
0.51375
0.51384
0.51393
0.51403
0.51412
0.51421
0.51431
0.5144
0.51449
0.51458
0.51468
0.51477
0.51486
0.51496
0.51505
0.51514
0.51524
0.51533
0.51542
0.51551
0.51561
0.5157
0.51579
0.51589
0.51598
0.51607
0.51617
0.51626
0.51635
0.51645
0.51654
0.51663
0.51673
0.51682
0.51691
0.517
0.5171
0.51719
0.51728
0.51738
0.51747
0.51756
0.51766
0.51775
0.51784
0.51794
0.51795
0.51804
0.51813
0.51823
0.51832
0.51841
0.51851
0.5186
0.51869
0.51879
0.51888
0.51897
0.51907
0.51916
0.51925
0.51935
0.51944
0.51953
0.51963
0.51972
0.51982
0.51991
0.52
0.5201
0.52019
0.52028
0.52038
0.52047
0.52056
0.52066
0.52075
0.52085
0.52094
0.52103
0.52113
0.52122
0.52131
0.52141
0.5215
0.5216
0.52169
0.52178
0.52188
0.52197
0.52206
0.52216
0.52225
0.52235
0.52244
0.52253
0.52263
0.52272
0.52281
0.52291
0.523
0.5231
0.52319
0.52328
0.52338
0.52347
0.52357
0.52366
0.52375
0.52385
0.52394
0.52404
0.52413
0.52422
0.52432
0.52441
0.52451
0.5246
0.52469
0.52479
0.52488
0.52498
0.52507
0.52516
0.52526
0.52535
0.52545
0.52554
0.52563
0.52573
0.5258
0.52589
0.52599
0.52608
0.52618
0.52627
0.52636
0.52646
0.52655
0.52665
0.52674
0.52683
0.52693
0.52702
0.52712
0.52721
0.52731
0.5274
0.52749
0.52759
0.52768
0.52778
0.52787
0.52796
0.52806
0.52815
0.52825
0.52834
0.52844
0.52853
0.52862
0.52872
0.52881
0.52891
0.529
0.5291
0.52919
0.52928
0.52938
0.52947
0.52957
0.52966
0.52976
0.52985
0.52995
0.53004
0.53013
0.53023
0.53032
0.53042
0.53051
0.53061
0.5307
0.53079
0.53089
0.53098
0.53108
0.53117
0.53127
0.53136
0.53146
0.53155
0.53165
0.53174
0.53183
0.53193
0.53202
0.53212
0.53221
0.53231
0.5324
0.5325
0.53259
0.53269
0.53278
0.53287
0.53297
0.53306
0.53316
0.53325
0.53335
0.53344
0.53354
0.53363
0.53373
0.53382
0.53392
0.53401
0.53411
0.5342
0.5343
0.53439
0.53448
0.53458
0.53467
0.53477
0.53486
0.53496
0.53505
0.53515
0.53524
0.53534
0.53543
0.53553
0.5356
0.5357
0.53579
0.53589
0.53598
0.53608
0.53617
0.53627
0.53636
0.53646
0.53655
0.53665
0.53674
0.53684
0.53693
0.53703
0.53712
0.53722
0.53731
0.53741
0.5375
0.5376
0.53769
0.53779
0.53788
0.53798
0.53807
0.53817
0.53826
0.53836
0.53845
0.53855
0.53864
0.53874
0.53883
0.53893
0.53902
0.53912
0.53921
0.53931
0.5394
0.5395
0.53959
0.53969
0.53979
0.53988
0.53998
0.54007
0.54017
0.54026
0.54036
0.54045
0.54055
0.54064
0.54074
0.54083
0.54093
0.54102
0.54112
0.54121
0.54131
0.54141
0.5415
0.5416
0.54169
0.54179
0.54188
0.54198
0.54207
0.54217
0.54226
0.54236
0.54245
0.54255
0.54265
0.54274
0.54284
0.54293
0.54303
0.54312
0.54322
0.54331
0.54341
0.5435
0.5436
0.5437
0.54379
0.54389
0.54398
0.54408
0.54417
0.54427
0.54436
0.54446
0.54456
0.54465
0.54475
0.54484
0.54494
0.54503
0.54513
0.54523
0.54532
0.54542
0.54551
0.54561
0.5457
0.5458
0.5459
0.54599
0.54609
0.54618
0.54628
0.54637
0.54647
0.54657
0.54666
0.54676
0.54685
0.54695
0.54702
0.54711
0.54721
0.5473
0.5474
0.54749
0.54759
0.54769
0.54778
0.54788
0.54797
0.54807
0.54817
0.54826
0.54836
0.54845
0.54855
0.54865
0.54874
0.54884
0.54893
0.54903
0.54913
0.54922
0.54932
0.54942
0.54951
0.54961
0.5497
0.5498
0.5499
0.54999
0.55009
0.55018
0.55028
0.55038
0.55047
0.55057
0.55067
0.55076
0.55086
0.55095
0.55105
0.55115
0.55124
0.55134
0.55144
0.55153
0.55163
0.55172
0.55182
0.55192
0.55201
0.55211
0.55221
0.5523
0.5524
0.5525
0.55259
0.55269
0.55278
0.55288
0.55298
0.55307
0.55317
0.55327
0.55336
0.55346
0.55356
0.55365
0.55375
0.55385
0.55394
0.55404
0.55414
0.55423
0.55433
0.55442
0.55452
0.55462
0.55471
0.55481
0.55491
0.555
0.5551
0.5552
0.55529
0.55539
0.55549
0.55558
0.55568
0.55578
0.55587
0.55597
0.55607
0.55616
0.55626
0.55636
0.55645
0.55655
0.55665
0.55674
0.55684
0.55694
0.55703
0.55713
0.55723
0.55733
0.55742
0.55752
0.55762
0.55771
0.55781
0.55791
0.558
0.5581
0.5582
0.55829
0.55839
0.55849
0.55858
0.55868
0.55878
0.55888
0.55897
0.55907
0.55917
0.55926
0.55936
0.55946
0.55955
0.55965
0.55975
0.55985
0.55994
0.56004
0.56014
0.56023
0.56033
0.56043
0.56052
0.56062
0.56072
0.56082
0.56091
0.56101
0.56111
0.5612
0.5613
0.5614
0.5615
0.56159
0.56169
0.56179
0.56188
0.56198
0.56208
0.56218
0.56227
0.56237
0.56247
0.56257
0.56266
0.56276
0.56286
0.56295
0.56305
0.56315
0.56325
0.56334
0.56344
0.56354
0.56364
0.56373
0.56383
0.56393
0.56403
0.56412
0.56422
0.56432
0.56441
0.56451
0.56461
0.56471
0.5648
0.5649
0.565
0.5651
0.56519
0.56529
0.56539
0.56549
0.56558
0.56568
0.56578
0.56588
0.56598
0.56607
0.56617
0.56627
0.56637
0.56646
0.56656
0.56666
0.56676
0.56685
0.56695
0.56705
0.56715
0.56724
0.56734
0.5674
0.5675
0.56759
0.56769
0.56779
0.56789
0.56799
0.56808
0.56818
0.56828
0.56838
0.56848
0.56857
0.56867
0.56877
0.56887
0.56896
0.56906
0.56916
0.56926
0.56936
0.56945
0.56948
0.56958
0.56968
0.56977
0.56987
0.56997
0.57007
0.57017
0.57026
0.57036
0.57046
0.57056
0.57066
0.57076
0.57077
0.57087
0.57097
0.57107
0.57116
0.57126
0.57136
0.57146
0.57156
0.57165
0.57175
0.57185
0.57195
0.57205
0.57215
0.57224
0.57234
0.57244
0.57254
0.57264
0.57274
0.57283
0.57293
0.57303
0.57313
0.57323
0.57333
0.57342
0.57352
0.57362
0.57372
0.57382
0.57392
0.57402
0.57411
0.57421
0.57431
0.57441
0.57451
0.57461
0.57471
0.5748
0.5749
0.575
0.5751
0.5752
0.5753
0.5754
0.57549
0.57559
0.57569
0.57579
0.57589
0.57599
0.57609
0.57619
0.57628
0.57638
0.57648
0.57658
0.57668
0.57678
0.57688
0.57698
0.57707
0.57717
0.57727
0.57737
0.57747
0.57757
0.57767
0.57777
0.57786
0.57796
0.57806
0.57816
0.57826
0.57836
0.57846
0.57856
0.57866
0.57876
0.57885
0.57895
0.57905
0.57915
0.57925
0.57935
0.57945
0.57955
0.57965
0.57975
0.57984
0.57994
0.58004
0.58014
0.58024
0.58034
0.58044
0.58054
0.58064
0.58074
0.58084
0.58093
0.58103
0.58113
0.58123
0.58133
0.58143
0.58153
0.58163
0.58173
0.58183
0.58193
0.58203
0.58213
0.58223
0.58232
0.58242
0.58252
0.58262
0.58272
0.58282
0.58292
0.58302
0.58312
0.58322
0.58332
0.58342
0.58352
0.58362
0.58372
0.58382
0.58392
0.58402
0.58411
0.58421
0.58431
0.58441
0.58451
0.58461
0.58471
0.58481
0.58491
0.58501
0.58511
0.58521
0.58531
0.58541
0.58551
0.58561
0.58571
0.58581
0.58591
0.58601
0.58611
0.58621
0.58631
0.58641
0.58651
0.58661
0.58671
0.58681
0.58691
0.58701
0.58711
0.58721
0.58731
0.58741
0.58751
0.58761
0.58771
0.58781
0.58791
0.58801
0.58811
0.58821
0.58831
0.58841
0.58851
0.58861
0.58871
0.58881
0.58891
0.58901
0.58911
0.58921
0.58931
0.58941
0.58951
0.58961
0.58971
0.58981
0.58991
0.59001
0.59011
0.59021
0.59031
0.59041
0.59051
0.59061
0.59071
0.59081
0.59091
0.59101
0.59111
0.59121
0.59131
0.59141
0.59151
0.59161
0.59172
0.59182
0.59192
0.59202
0.59212
0.59222
0.59232
0.59242
0.59252
0.59262
0.59272
0.59282
0.59292
0.59302
0.59312
0.59322
0.59332
0.59342
0.59352
0.59362
0.59372
0.59382
0.59393
0.59403
0.59413
0.59423
0.59433
0.59443
0.59453
0.59463
0.59473
0.59483
0.59493
0.59503
0.59513
0.59523
0.59533
0.59543
0.59553
0.59564
0.59574
0.59584
0.59594
0.59604
0.59614
0.59624
0.59634
0.59644
0.59654
0.59664
0.59674
0.59684
0.59694
0.59705
0.59715
0.59725
0.59735
0.59745
0.59755
0.59765
0.59775
0.59785
0.59795
0.59805
0.59815
0.59825
0.59836
0.59846
0.59856
0.59866
0.59876
0.59886
0.59896
0.59906
0.59916
0.59926
0.59936
0.59947
0.59957
0.59967
0.59977
0.59987
0.59997
0.60007
0.60017
0.60027
0.60037
0.60048
0.60058
0.60068
0.60078
0.60088
0.60098
0.60108
0.60118
0.60128
0.60138
0.60149
0.60159
0.60169
0.60179
0.60189
0.60199
0.60209
0.60219
0.60229
0.6024
0.6025
0.6026
0.6027
0.6028
0.6029
0.603
0.6031
0.60321
0.60331
0.60341
0.60351
0.60361
0.60371
0.60381
0.60391
0.60402
0.60412
0.60422
0.60432
0.60442
0.60452
0.60462
0.60472
0.60483
0.60493
0.60503
0.60513
0.60523
0.60533
0.60543
0.60554
0.60564
0.60574
0.60584
0.60594
0.60604
0.60614
0.60625
0.60635
0.60645
0.60655
0.60665
0.60675
0.60685
0.60696
0.60706
0.60716
0.60726
0.60736
0.60746
0.60757
0.60767
0.60777
0.60787
0.60797
0.60807
0.60817
0.60828
0.60838
0.60848
0.60858
0.60868
0.60878
0.60889
0.60899
0.60909
0.60919
0.60929
0.60939
0.6095
0.6096
0.6097
0.6098
0.6099
0.61
0.61011
0.61021
0.61031
0.61041
0.61051
0.61061
0.61072
0.61082
0.61092
0.61102
0.61112
0.61122
0.61133
0.61143
0.61153
0.61163
0.61173
0.61184
0.61194
0.61204
0.61214
0.61224
0.61235
0.61245
0.61255
0.61265
0.61275
0.61285
0.61296
0.61306
0.61316
0.61326
0.61336
0.61347
0.61357
0.61367
0.61377
0.61387
0.61398
0.61408
0.61418
0.61428
0.61438
0.61449
0.61459
0.61469
0.61479
0.61489
0.615
0.6151
0.6152
0.6153
0.61541
0.61551
0.61561
0.61571
0.61581
0.61592
0.61602
0.61612
0.61622
0.61633
0.61643
0.61653
0.61663
0.61674
0.61684
0.61694
0.61704
0.61714
0.61725
0.61735
0.61745
0.61755
0.61766
0.61776
0.61786
0.61796
0.61807
0.61817
0.61827
0.61837
0.61848
0.61858
0.61868
0.61879
0.61889
0.61899
0.61909
0.6192
0.6193
0.6194
0.6195
0.61961
0.61971
0.61981
0.61992
0.62002
0.62012
0.62022
0.62033
0.62043
0.62053
0.62064
0.62074
0.62084
0.62095
0.62105
0.62115
0.62125
0.62136
0.62146
0.62156
0.62167
0.62177
0.62187
0.62198
0.62208
0.62218
0.62229
0.62239
0.62249
0.6226
0.6227
0.6228
0.62291
0.62301
0.62311
0.62322
0.62332
0.62342
0.62353
0.62363
0.62374
0.62384
0.62394
0.62405
0.62415
0.62425
0.62436
0.62446
0.62457
0.62467
0.62477
0.62488
0.62498
0.62509
0.62519
0.62529
0.6254
0.6255
0.62561
0.62571
0.62581
0.62592
0.62602
0.62613
0.62623
0.62634
0.62644
0.62654
0.62665
0.62675
0.62686
0.62696
0.62707
0.62717
0.62728
0.62738
0.62749
0.62759
0.6277
0.6278
0.62791
0.62801
0.62812
0.62822
0.62833
0.62843
0.62854
0.62864
0.62875
0.62885
0.62896
0.62906
0.62917
0.62927
0.62938
0.62948
0.62959
0.62969
0.6298
0.62991
0.63001
0.63012
0.63022
0.63033
0.63043
0.63054
0.63065
0.63075
0.63086
0.63096
0.63107
0.63118
0.63128
0.63139
0.6315
0.6316
0.63171
0.63181
0.63192
0.63203
0.63213
0.63224
0.63235
0.63245
0.63256
0.63267
0.63277
0.63288
0.63299
0.63309
0.6332
0.63331
0.63341
0.63352
0.63363
0.63374
0.63384
0.63395
0.63406
0.63416
0.63427
0.63438
0.63449
0.63459
0.6347
0.63481
0.63492
0.63502
0.63513
0.63524
0.63535
0.63545
0.63556
0.63567
0.63578
0.63589
0.63599
0.6361
0.63621
0.63632
0.63643
0.63653
0.63664
0.63675
0.63686
0.63697
0.63707
0.63718
0.63729
0.6374
0.63751
0.63762
0.63773
0.63783
0.63794
0.63805
0.63816
0.63827
0.63838
0.63849
0.6386
0.6387
0.63881
0.63892
0.63903
0.63914
0.63925
0.63936
0.63947
0.63958
0.63969
0.6398
0.6399
0.64001
0.64012
0.64023
0.64034
0.64045
0.64056
0.64067
0.64078
0.64089
0.641
0.64111
0.64122
0.64133
0.64144
0.64155
0.64166
0.64177
0.64188
0.64199
0.6421
0.64221
0.64232
0.64243
0.64254
0.64265
0.64276
0.64287
0.64298
0.64309
0.6432
0.64331
0.64342
0.64353
0.64364
0.64375
0.64386
0.64397
0.64408
0.6442
0.64431
0.64442
0.64453
0.64464
0.64475
0.64486
0.64497
0.64508
0.64519
0.6453
0.64542
0.64553
0.64564
0.64575
0.64586
0.64597
0.64608
0.64619
0.6463
0.64642
0.64653
0.64664
0.64675
0.64686
0.64697
0.64708
0.6472
0.64731
0.64742
0.64753
0.64764
0.64775
0.64787
0.64798
0.64809
0.6482
0.64831
0.64843
0.64854
0.64865
0.64876
0.64887
0.64899
0.6491
0.64921
0.64932
0.64943
0.64955
0.64966
0.64977
0.64988
0.64999
0.65011
0.65022
0.65033
0.65044
0.65056
0.65067
0.65078
0.65089
0.65101
0.65112
0.65123
0.65134
0.65146
0.65157
0.65168
0.65179
0.65191
0.65202
0.65213
0.65225
0.65236
0.65247
0.65258
0.6527
0.65281
0.65292
0.65304
0.65315
0.65326
0.65338
0.65349
0.6536
0.65372
0.65383
0.65394
0.65406
0.65417
0.65428
0.6544
0.65451
0.65462
0.65474
0.65485
0.65496
0.65508
0.65519
0.6553
0.65542
0.65553
0.65565
0.65576
0.65587
0.65599
0.6561
0.65622
0.65633
0.65644
0.65656
0.65667
0.65679
0.6569
0.65701
0.65713
0.65724
0.65736
0.65747
0.65759
0.6577
0.65781
0.65793
0.65804
0.65816
0.65827
0.65839
0.6585
0.65862
0.65873
0.65885
0.65896
0.65908
0.65919
0.6593
0.65942
0.65953
0.65965
0.65976
0.65988
0.65999
0.66011
0.66022
0.66034
0.66045
0.66057
0.66069
0.6608
0.66092
0.66103
0.66115
0.66126
0.66138
0.66149
0.66161
0.66172
0.66184
0.66195
0.66207
0.66219
0.6623
0.66242
0.66253
0.66265
0.66276
0.66288
0.663
0.66311
0.66323
0.66334
0.66346
0.66358
0.66369
0.66381
0.66392
0.66404
0.66416
0.66427
0.66439
0.6645
0.66462
0.66474
0.66485
0.66497
0.66509
0.6652
0.66532
0.66544
0.66555
0.66567
0.66579
0.6659
0.66602
0.66614
0.66625
0.66637
0.66649
0.6666
0.66672
0.66684
0.66695
0.66707
0.66719
0.6673
0.66742
0.66754
0.66765
0.66777
0.66789
0.66801
0.66812
0.66824
0.66836
0.66847
0.66859
0.66871
0.66883
0.66894
0.66906
0.66918
0.66929
0.66941
0.66953
0.66965
0.66976
0.66988
0.67
0.67012
0.67024
0.67035
0.67047
0.67059
0.67071
0.67082
0.67094
0.67106
0.67118
0.6713
0.67141
0.67153
0.67165
0.67177
0.67189
0.672
0.67212
0.67224
0.67236
0.67248
0.67259
0.67271
0.67283
0.67295
0.67307
0.67319
0.6733
0.67342
0.67354
0.67366
0.67378
0.6739
0.67401
0.67413
0.67425
0.67437
0.67449
0.67461
0.67473
0.67484
0.67496
0.67508
0.6752
0.67532
0.67544
0.67556
0.67568
0.67579
0.67591
0.67603
0.67615
0.67627
0.67639
0.67651
0.67663
0.67675
0.67687
0.67698
0.6771
0.67722
0.67734
0.67746
0.67758
0.6777
0.67782
0.67794
0.67806
0.67818
0.6783
0.67842
0.67853
0.67865
0.67877
0.67889
0.67901
0.67913
0.67925
0.67937
0.67949
0.67961
0.67973
0.67985
0.67997
0.68009
0.68021
0.68033
0.68045
0.68057
0.68069
0.68081
0.68093
0.68105
0.68117
0.68129
0.68141
0.68153
0.68165
0.68177
0.68189
0.68201
0.68213
0.68225
0.68237
0.68249
0.68261
0.68273
0.68285
0.68297
0.68309
0.68321
0.68333
0.68345
0.68357
0.68369
0.68381
0.68393
0.68405
0.68417
0.68429
0.68441
0.68453
0.68465
0.68477
0.68489
0.68501
0.68513
0.68525
0.68538
0.6855
0.68562
0.68574
0.68586
0.68598
0.6861
0.68622
0.68634
0.68646
0.68658
0.6867
0.68683
0.68695
0.68707
0.68719
0.68731
0.68743
0.68755
0.68767
0.68779
0.68792
0.68804
0.68816
0.68828
0.6884
0.68852
0.68864
0.68876
0.68889
0.68901
0.68913
0.68925
0.68937
0.68949
0.68961
0.68974
0.68986
0.68998
0.6901
0.69022
0.69034
0.69047
0.69059
0.69071
0.69083
0.69095
0.69107
0.6912
0.69132
0.69144
0.69156
0.69168
0.69181
0.69193
0.69205
0.69217
0.69229
0.69242
0.69254
0.69266
0.69278
0.6929
0.69303
0.69315
0.69327
0.69339
0.69351
0.69364
0.69376
0.69388
0.694
0.69413
0.69425
0.69437
0.69449
0.69462
0.69474
0.69486
0.69498
0.69511
0.69523
0.69535
0.69547
0.6956
0.69572
0.69584
0.69596
0.69609
0.69621
0.69633
0.69645
0.69658
0.6967
0.69682
0.69694
0.69707
0.69719
0.69731
0.69744
0.69756
0.69768
0.6978
0.69793
0.69805
0.69817
0.6983
0.69842
0.69854
0.69867
0.69879
0.69891
0.69903
0.69916
0.69928
0.6994
0.69953
0.69965
0.69977
0.6999
0.70002
0.70014
0.70027
0.70039
0.70051
0.70064
0.70076
0.70088
0.70101
0.70113
0.70125
0.70138
0.7015
0.70162
0.70175
0.70187
0.70199
0.70212
0.70224
0.70236
0.70249
0.70261
0.70273
0.70286
0.70298
0.7031
0.70323
0.70335
0.70347
0.7036
0.70372
0.70384
0.70397
0.70409
0.70422
0.70434
0.70446
0.70459
0.70471
0.70483
0.70496
0.70508
0.7052
0.70533
0.70545
0.70558
0.7057
0.70582
0.70595
0.70607
0.70619
0.70632
0.70644
0.70657
0.70669
0.70681
0.70694
0.70706
0.70719
0.70731
0.70743
0.70756
0.70768
0.70781
0.70793
0.70805
0.70818
0.7083
0.70843
0.70855
0.70867
0.7088
0.70892
0.70905
0.70917
0.7093
0.70942
0.70954
0.70967
0.70979
0.70992
0.71004
0.71016
0.71029
0.71041
0.71054
0.71066
0.71079
0.71091
0.71104
0.71116
0.71128
0.71141
0.71153
0.71166
0.71178
0.71191
0.71203
0.71216
0.71228
0.7124
0.71253
0.71265
0.71278
0.7129
0.71303
0.71315
0.71328
0.7134
0.71353
0.71365
0.71378
0.7139
0.71403
0.71415
0.71428
0.7144
0.71453
0.71465
0.71478
0.7149
0.71503
0.71515
0.71528
0.7154
0.71553
0.71565
0.71578
0.7159
0.71603
0.71615
0.71628
0.7164
0.71653
0.71665
0.71678
0.7169
0.71703
0.71715
0.71728
0.7174
0.71753
0.71765
0.71778
0.7179
0.71803
0.71816
0.71828
0.71841
0.71853
0.71866
0.71878
0.71891
0.71903
0.71916
0.71929
0.71941
0.71954
0.71966
0.71979
0.71991
0.72004
0.72017
0.72029
0.72042
0.72054
0.72067
0.72079
0.72092
0.72105
0.72117
0.7213
0.72142
0.72155
0.72168
0.7218
0.72193
0.72205
0.72218
0.72231
0.72243
0.72256
0.72268
0.72281
0.72294
0.72306
0.72319
0.72332
0.72344
0.72357
0.72369
0.72382
0.72395
0.72407
0.7242
0.72433
0.72445
0.72458
0.7247
0.72483
0.72496
0.72508
0.72521
0.72534
0.72546
0.72559
0.72572
0.72584
0.72597
0.7261
0.72622
0.72635
0.72648
0.7266
0.72673
0.72686
0.72698
0.72711
0.72724
0.72736
0.72749
0.72762
0.72774
0.72787
0.728
0.72812
0.72825
0.72838
0.7285
0.72863
0.72876
0.72888
0.72901
0.72914
0.72926
0.72939
0.72952
0.72965
0.72977
0.7299
0.73003
0.73015
0.73028
0.73041
0.73053
0.73066
0.73079
0.73092
0.73104
0.73117
0.7313
0.73142
0.73155
0.73168
0.73181
0.73193
0.73206
0.73219
0.73232
0.73244
0.73257
0.7327
0.73282
0.73295
0.73308
0.73321
0.73333
0.73346
0.73359
0.73372
0.73384
0.73397
0.7341
0.73423
0.73435
0.73448
0.73461
0.73474
0.73486
0.73499
0.73512
0.73525
0.73537
0.7355
0.73563
0.73576
0.73588
0.73601
0.73614
0.73627
0.73639
0.73652
0.73665
0.73678
0.7369
0.73703
0.73716
0.73729
0.73742
0.73754
0.73767
0.7378
0.73793
0.73805
0.73818
0.73831
0.73844
0.73857
0.73869
0.73882
0.73895
0.73908
0.7392
0.73933
0.73946
0.73959
0.73972
0.73984
0.73997
0.7401
0.74023
0.74036
0.74048
0.74061
0.74074
0.74087
0.741
0.74113
0.74125
0.74138
0.74151
0.74164
0.74177
0.74189
0.74202
0.74215
0.74228
0.74241
0.74253
0.74266
0.74279
0.74292
0.74305
0.74318
0.7433
0.74343
0.74356
0.74369
0.74382
0.74395
0.74407
0.7442
0.74433
0.74446
0.74459
0.74472
0.74485
0.74497
0.7451
0.74523
0.74536
0.74549
0.74562
0.74574
0.74587
0.746
0.74613
0.74626
0.74639
0.74652
0.74665
0.74677
0.7469
0.74703
0.74716
0.74729
0.74742
0.74755
0.74767
0.7478
0.74793
0.74806
0.74819
0.74832
0.74845
0.74858
0.74871
0.74883
0.74896
0.74909
0.74922
0.74935
0.74948
0.74961
0.74974
0.74987
0.74999
0.75012
0.75025
0.75038
0.75051
0.75064
0.75077
0.7509
0.75103
0.75116
0.75128
0.75141
0.75154
0.75167
0.7518
0.75193
0.75206
0.75219
0.75232
0.75245
0.75258
0.75271
0.75284
0.75296
0.75309
0.75322
0.75335
0.75348
0.75361
0.75374
0.75387
0.754
0.75413
0.75426
0.75439
0.75452
0.75465
0.75478
0.75491
0.75503
0.75516
0.75529
0.75542
0.75555
0.75568
0.75581
0.75594
0.75607
0.7562
0.75633
0.75646
0.75659
0.75672
0.75685
0.75698
0.75711
0.75724
0.75737
0.7575
0.75763
0.75776
0.75789
0.75802
0.75815
0.75828
0.75841
0.75854
0.75867
0.7588
0.75893
0.75906
0.75919
0.75932
0.75945
0.75958
0.75971
0.75984
0.75997
0.7601
0.76023
0.76036
0.76049
0.76062
0.76075
0.76088
0.76101
0.76114
0.76127
0.7614
0.76153
0.76166
0.76179
0.76192
0.76205
0.76218
0.76231
0.76244
0.76257
0.7627
0.76283
0.76296
0.76309
0.76322
0.76335
0.76348
0.76361
0.76374
0.76387
0.764
0.76413
0.76426
0.76439
0.76452
0.76465
0.76478
0.76491
0.76505
0.76518
0.76531
0.76544
0.76557
0.7657
0.76583
0.76596
0.76609
0.76622
0.76635
0.76648
0.76661
0.76674
0.76687
0.767
0.76714
0.76727
0.7674
0.76753
0.76766
0.76779
0.76792
0.76805
0.76818
0.76831
0.76844
0.76857
0.76871
0.76884
0.76897
0.7691
0.76923
0.76936
0.76949
0.76962
0.76975
0.76988
0.77002
0.77015
0.77028
0.77041
0.77054
0.77067
0.7708
0.77093
0.77106
0.7712
0.77133
0.77146
0.77159
0.77172
0.77185
0.77198
0.77211
0.77225
0.77238
0.77251
0.77264
0.77277
0.7729
0.77303
0.77316
0.7733
0.77343
0.77356
0.77369
0.77382
0.77395
0.77408
0.77422
0.77435
0.77448
0.77461
0.77474
0.77487
0.77501
0.77514
0.77527
0.7754
0.77553
0.77566
0.7758
0.77593
0.77606
0.77619
0.77632
0.77645
0.77659
0.77672
0.77685
0.77698
0.77711
0.77724
0.77738
0.77751
0.77764
0.77777
0.7779
0.77804
0.77817
0.7783
0.77843
0.77856
0.7787
0.77883
0.77896
0.77909
0.77922
0.77936
0.77949
0.77962
0.77975
0.77988
0.78002
0.78015
0.78028
0.78041
0.78054
0.78068
0.78081
0.78094
0.78107
0.78121
0.78134
0.78147
0.7816
0.78174
0.78187
0.782
0.78213
0.78226
0.7824
0.78253
0.78266
0.78279
0.78293
0.78306
0.78319
0.78332
0.78346
0.78359
0.78372
0.78385
0.78399
0.78412
0.78425
0.78438
0.78452
0.78465
0.78478
0.78491
0.78505
0.78518
0.78531
0.78544
0.78558
0.78571
0.78584
0.78598
0.78611
0.78624
0.78637
0.78651
0.78664
0.78677
0.78691
0.78704
0.78717
0.7873
0.78744
0.78757
0.7877
0.78784
0.78797
0.7881
0.78823
0.78837
0.7885
0.78863
0.78877
0.7889
0.78903
0.78917
0.7893
0.78943
0.78957
0.7897
0.78983
0.78997
0.7901
0.79023
0.79037
0.7905
0.79063
0.79077
0.7909
0.79103
0.79117
0.7913
0.79143
0.79157
0.7917
0.79183
0.79197
0.7921
0.79223
0.79237
0.7925
0.79263
0.79277
0.7929
0.79304
0.79317
0.7933
0.79344
0.79357
0.7937
0.79384
0.79397
0.79411
0.79424
0.79437
0.79451
0.79464
0.79477
0.79491
0.79504
0.79518
0.79531
0.79544
0.79558
0.79571
0.79585
0.79598
0.79611
0.79625
0.79638
0.79652
0.79665
0.79678
0.79692
0.79705
0.79719
0.79732
0.79746
0.79759
0.79772
0.79786
0.79799
0.79813
0.79826
0.7984
0.79853
0.79866
0.7988
0.79893
0.79907
0.7992
0.79934
0.79947
0.7996
0.79974
0.79987
0.80001
0.80014
0.80028
0.80041
0.80055
0.80068
0.80082
0.80095
0.80108
0.80122
0.80135
0.80149
0.80162
0.80176
0.80189
0.80203
0.80216
0.8023
0.80243
0.80257
0.8027
0.80284
0.80297
0.80311
0.80324
0.80338
0.80351
0.80365
0.80378
0.80392
0.80405
0.80419
0.80432
0.80446
0.80459
0.80473
0.80486
0.805
0.80513
0.80527
0.8054
0.80554
0.80567
0.80581
0.80594
0.80608
0.80622
0.80635
0.80649
0.80662
0.80676
0.80689
0.80703
0.80716
0.8073
0.80744
0.80757
0.80771
0.80784
0.80798
0.80811
0.80825
0.80839
0.80852
0.80866
0.80879
0.80893
0.80907
0.8092
0.80934
0.80947
0.80961
0.80975
0.80988
0.81002
0.81015
0.81029
0.81043
0.81056
0.8107
0.81083
0.81097
0.81111
0.81124
0.81138
0.81152
0.81165
0.81179
0.81192
0.81206
0.8122
0.81233
0.81247
0.81261
0.81274
0.81288
0.81302
0.81315
0.81329
0.81342
0.81356
0.8137
0.81383
0.81397
0.81411
0.81424
0.81438
0.81452
0.81465
0.81479
0.81493
0.81506
0.8152
0.81534
0.81547
0.81561
0.81575
0.81588
0.81602
0.81616
0.81629
0.81643
0.81657
0.8167
0.81684
0.81698
0.81712
0.81725
0.81739
0.81753
0.81766
0.8178
0.81794
0.81807
0.81821
0.81835
0.81848
0.81862
0.81876
0.8189
0.81903
0.81917
0.81931
0.81944
0.81958
0.81972
0.81986
0.81999
0.82013
0.82027
0.82041
0.82054
0.82068
0.82082
0.82095
0.82109
0.82123
0.82137
0.8215
0.82164
0.82178
0.82192
0.82205
0.82219
0.82233
0.82247
0.8226
0.82274
0.82288
0.82302
0.82315
0.82329
0.82343
0.82357
0.8237
0.82384
0.82398
0.82412
0.82426
0.82439
0.82453
0.82467
0.82481
0.82494
0.82508
0.82522
0.82536
0.8255
0.82563
0.82577
0.82591
0.82605
0.82618
0.82632
0.82646
0.8266
0.82674
0.82687
0.82701
0.82715
0.82729
0.82743
0.82756
0.8277
0.82784
0.82798
0.82812
0.82825
0.82839
0.82853
0.82867
0.82881
0.82895
0.82908
0.82922
0.82936
0.8295
0.82964
0.82977
0.82991
0.83005
0.83019
0.83033
0.83047
0.8306
0.83074
0.83088
0.83102
0.83116
0.8313
0.83144
0.83157
0.83171
0.83185
0.83199
0.83213
0.83227
0.83241
0.83255
0.83268
0.83282
0.83296
0.8331
0.83324
0.83338
0.83352
0.83366
0.83379
0.83393
0.83407
0.83421
0.83435
0.83449
0.83463
0.83477
0.83491
0.83505
0.83519
0.83532
0.83546
0.8356
0.83574
0.83588
0.83602
0.83616
0.8363
0.83644
0.83658
0.83672
0.83686
0.837
0.83713
0.83727
0.83741
0.83755
0.83769
0.83783
0.83797
0.83811
0.83825
0.83839
0.83853
0.83867
0.83881
0.83895
0.83909
0.83923
0.83937
0.83951
0.83965
0.83979
0.83993
0.84007
0.84021
0.84035
0.84049
0.84063
0.84077
0.84091
0.84105
0.84119
0.84133
0.84147
0.84161
0.84175
0.84189
0.84203
0.84217
0.84231
0.84245
0.84259
0.84273
0.84287
0.84301
0.84315
0.84329
0.84343
0.84357
0.84371
0.84385
0.84399
0.84413
0.84427
0.84441
0.84455
0.84469
0.84483
0.84497
0.84511
0.84525
0.84539
0.84553
0.84567
0.84581
0.84595
0.84609
0.84623
0.84637
0.84651
0.84665
0.84679
0.84693
0.84707
0.84721
0.84735
0.84749
0.84764
0.84778
0.84792
0.84806
0.8482
0.84834
0.84848
0.84862
0.84876
0.8489
0.84904
0.84918
0.84932
0.84946
0.8496
0.84974
0.84988
0.85002
0.85016
0.8503
0.85045
0.85059
0.85073
0.85087
0.85101
0.85115
0.85129
0.85143
0.85157
0.85171
0.85185
0.85199
0.85213
0.85227
0.85241
0.85255
0.8527
0.85284
0.85298
0.85312
0.85326
0.8534
0.85354
0.85368
0.85382
0.85396
0.8541
0.85424
0.85438
0.85453
0.85467
0.85481
0.85495
0.85509
0.85523
0.85537
0.85551
0.85565
0.85579
0.85593
0.85608
0.85622
0.85636
0.8565
0.85664
0.85678
0.85692
0.85706
0.8572
0.85735
0.85749
0.85763
0.85777
0.85791
0.85805
0.85819
0.85833
0.85848
0.85862
0.85876
0.8589
0.85904
0.85918
0.85932
0.85947
0.85961
0.85975
0.85989
0.86003
0.86017
0.86031
0.86046
0.8606
0.86074
0.86088
0.86102
0.86116
0.86131
0.86145
0.86159
0.86173
0.86187
0.86201
0.86216
0.8623
0.86244
0.86258
0.86272
0.86286
0.86301
0.86315
0.86329
0.86343
0.86357
0.86372
0.86386
0.864
0.86414
0.86428
0.86442
0.86457
0.86471
0.86485
0.86499
0.86513
0.86528
0.86542
0.86556
0.8657
0.86584
0.86599
0.86613
0.86627
0.86641
0.86655
0.8667
0.86684
0.86698
0.86712
0.86726
0.86741
0.86755
0.86769
0.86783
0.86797
0.86812
0.86826
0.8684
0.86854
0.86868
0.86882
0.86897
0.86911
0.86925
0.86939
0.86953
0.86968
0.86982
0.86996
0.8701
0.87024
0.87039
0.87053
0.87067
0.87081
0.87095
0.8711
0.87124
0.87138
0.87152
0.87166
0.87181
0.87195
0.87209
0.87223
0.87238
0.87252
0.87266
0.8728
0.87294
0.87309
0.87323
0.87337
0.87351
0.87365
0.8738
0.87394
0.87408
0.87422
0.87437
0.87451
0.87465
0.87479
0.87493
0.87508
0.87522
0.87536
0.8755
0.87565
0.87579
0.87593
0.87607
0.87621
0.87636
0.8765
0.87664
0.87678
0.87693
0.87707
0.87721
0.87735
0.8775
0.87764
0.87778
0.87792
0.87807
0.87821
0.87835
0.87849
0.87864
0.87878
0.87892
0.87906
0.87921
0.87935
0.87949
0.87963
0.87978
0.87992
0.88006
0.8802
0.88035
0.88049
0.88063
0.88077
0.88092
0.88106
0.8812
0.88135
0.88149
0.88163
0.88177
0.88192
0.88206
0.8822
0.88234
0.88249
0.88263
0.88277
0.88292
0.88306
0.8832
0.88334
0.88349
0.88363
0.88377
0.88392
0.88406
0.8842
0.88435
0.88449
0.88463
0.88477
0.88492
0.88506
0.8852
0.88535
0.88549
0.88563
0.88578
0.88592
0.88606
0.88621
0.88635
0.88649
0.88663
0.88678
0.88692
0.88706
0.88721
0.88735
0.88749
0.88764
0.88778
0.88792
0.88807
0.88821
0.88835
0.8885
0.88864
0.88878
0.88893
0.88907
0.88921
0.88936
0.8895
0.88964
0.88979
0.88993
0.89007
0.89022
0.89036
0.89051
0.89065
0.89079
0.89094
0.89108
0.89122
0.89137
0.89151
0.89165
0.8918
0.89194
0.89208
0.89223
0.89237
0.89252
0.89266
0.8928
0.89295
0.89309
0.89323
0.89338
0.89352
0.89367
0.89381
0.89395
0.8941
0.89424
0.89438
0.89453
0.89467
0.89482
0.89496
0.8951
0.89525
0.89539
0.89554
0.89568
0.89582
0.89597
0.89611
0.89626
0.8964
0.89654
0.89669
0.89683
0.89698
0.89712
0.89726
0.89741
0.89755
0.8977
0.89784
0.89798
0.89813
0.89827
0.89842
0.89856
0.8987
0.89885
0.89899
0.89914
0.89928
0.89943
0.89957
0.89971
0.89986
0.9
0.90015
0.90029
0.90044
0.90058
0.90073
0.90087
0.90101
0.90116
0.9013
0.90145
0.90159
0.90174
0.90188
0.90203
0.90217
0.90231
0.90246
0.9026
0.90275
0.90289
0.90304
0.90318
0.90333
0.90347
0.90362
0.90376
0.9039
0.90405
0.90419
0.90434
0.90448
0.90463
0.90477
0.90492
0.90506
0.90521
0.90535
0.9055
0.90564
0.90579
0.90593
0.90608
0.90622
0.90637
0.90651
0.90666
0.9068
0.90695
0.90709
0.90724
0.90738
0.90753
0.90767
0.90782
0.90796
0.90811
0.90825
0.9084
0.90854
0.90869
0.90883
0.90898
0.90912
0.90927
0.90941
0.90956
0.9097
0.90985
0.90999
0.91014
0.91028
0.91043
0.91057
0.91072
0.91086
0.91101
0.91115
0.9113
0.91144
0.91159
0.91173
0.91188
0.91203
0.91217
0.91232
0.91246
0.91261
0.91275
0.9129
0.91304
0.91319
0.91333
0.91348
0.91363
0.91377
0.91392
0.91406
0.91421
0.91435
0.9145
0.91464
0.91479
0.91494
0.91508
0.91523
0.91537
0.91552
0.91566
0.91581
0.91595
0.9161
0.91625
0.91639
0.91654
0.91668
0.91683
0.91697
0.91712
0.91727
0.91741
0.91756
0.9177
0.91785
0.918
0.91814
0.91829
0.91843
0.91858
0.91872
0.91887
0.91902
0.91916
0.91931
0.91945
0.9196
0.91975
0.91989
0.92004
0.92018
0.92033
0.92048
0.92062
0.92077
0.92091
0.92106
0.92121
0.92135
0.9215
0.92165
0.92179
0.92194
0.92208
0.92223
0.92238
0.92252
0.92267
0.92281
0.92296
0.92311
0.92325
0.9234
0.92355
0.92369
0.92384
0.92399
0.92413
0.92428
0.92442
0.92457
0.92472
0.92486
0.92501
0.92516
0.9253
0.92545
0.9256
0.92574
0.92589
0.92603
0.92618
0.92633
0.92647
0.92662
0.92677
0.92691
0.92706
0.92721
0.92735
0.9275
0.92765
0.92779
0.92794
0.92809
0.92823
0.92838
0.92853
0.92867
0.92882
0.92897
0.92911
0.92926
0.92941
0.92955
0.9297
0.92985
0.92999
0.93014
0.93029
0.93044
0.93058
0.93073
0.93088
0.93102
0.93117
0.93132
0.93146
0.93161
0.93176
0.9319
0.93205
0.9322
0.93235
0.93249
0.93264
0.93279
0.93293
0.93308
0.93323
0.93337
0.93352
0.93367
0.93382
0.93396
0.93411
0.93426
0.9344
0.93455
0.9347
0.93485
0.93499
0.93514
0.93529
0.93543
0.93558
0.93573
0.93588
0.93602
0.93617
0.93632
0.93646
0.93661
0.93676
0.93691
0.93705
0.9372
0.93735
0.9375
0.93764
0.93779
0.93794
0.93809
0.93823
0.93838
0.93853
0.93868
0.93882
0.93897
0.93912
0.93927
0.93941
0.93956
0.93971
0.93986
0.94
0.94015
0.9403
0.94045
0.94059
0.94074
0.94089
0.94104
0.94118
0.94133
0.94148
0.94163
0.94177
0.94192
0.94207
0.94222
0.94236
0.94251
0.94266
0.94281
0.94296
0.9431
0.94325
0.9434
0.94355
0.94369
0.94384
0.94399
0.94414
0.94429
0.94443
0.94458
0.94473
0.94488
0.94502
0.94517
0.94532
0.94547
0.94562
0.94576
0.94591
0.94606
0.94621
0.94636
0.9465
0.94665
0.9468
0.94695
0.9471
0.94724
0.94739
0.94754
0.94769
0.94784
0.94798
0.94813
0.94828
0.94843
0.94858
0.94872
0.94887
0.94902
0.94917
0.94932
0.94946
0.94961
0.94976
0.94991
0.95006
0.95021
0.95035
0.9505
0.95065
0.9508
0.95095
0.95109
0.95124
0.95139
0.95154
0.95169
0.95184
0.95198
0.95213
0.95228
0.95243
0.95258
0.95273
0.95287
0.95302
0.95317
0.95332
0.95347
0.95362
0.95376
0.95391
0.95406
0.95421
0.95436
0.95451
0.95466
0.9548
0.95495
0.9551
0.95525
0.9554
0.95555
0.95569
0.95584
0.95599
0.95614
0.95629
0.95644
0.95659
0.95673
0.95688
0.95703
0.95718
0.95733
0.95748
0.95763
0.95777
0.95792
0.95807
0.95822
0.95837
0.95852
0.95867
0.95882
0.95896
0.95911
0.95926
0.95941
0.95956
0.95971
0.95986
0.96001
0.96015
0.9603
0.96045
0.9606
0.96075
0.9609
0.96105
0.9612
0.96134
0.96149
0.96164
0.96179
0.96194
0.96209
0.96224
0.96239
0.96254
0.96268
0.96283
0.96298
0.96313
0.96328
0.96343
0.96358
0.96373
0.96388
0.96402
0.96417
0.96432
0.96447
0.96462
0.96477
0.96492
0.96507
0.96522
0.96537
0.96552
0.96566
0.96581
0.96596
0.96611
0.96626
0.96641
0.96656
0.96671
0.96686
0.96701
0.96716
0.9673
0.96745
0.9676
0.96775
0.9679
0.96805
0.9682
0.96835
0.9685
0.96865
0.9688
0.96895
0.9691
0.96924
0.96939
0.96954
0.96969
0.96984
0.96999
0.97014
0.97029
0.97044
0.97059
0.97074
0.97089
0.97104
0.97119
0.97134
0.97149
0.97164
0.97178
0.97193
0.97208
0.97223
0.97238
0.97253
0.97268
0.97283
0.97298
0.97313
0.97328
0.97343
0.97358
0.97373
0.97388
0.97403
0.97418
0.97433
0.97448
0.97463
0.97478
0.97493
0.97508
0.97523
0.97538
0.97553
0.97567
0.97582
0.97597
0.97612
0.97627
0.97642
0.97657
0.97672
0.97687
0.97702
0.97717
0.97732
0.97747
0.97762
0.97777
0.97792
0.97807
0.97822
0.97837
0.97852
0.97867
0.97882
0.97897
0.97912
0.97927
0.97942
0.97957
0.97972
0.97987
0.98002
0.98018
0.98033
0.98048
0.98063
0.98078
0.98093
0.98108
0.98123
0.98138
0.98153
0.98168
0.98183
0.98198
0.98213
0.98228
0.98243
0.98258
0.98273
0.98288
0.98303
0.98318
0.98333
0.98348
0.98363
0.98378
0.98393
0.98408
0.98423
0.98438
0.98453
0.98468
0.98483
0.98498
0.98514
0.98529
0.98544
0.98559
0.98574
0.98589
0.98604
0.98619
0.98634
0.98649
0.98664
0.98679
0.98694
0.98709
0.98724
0.98739
0.98754
0.98769
0.98784
0.98799
0.98814
0.98829
0.98844
0.98859
0.98874
0.98889
0.98904
0.98919
0.98934
0.98949
0.98964
0.98979
0.98994
0.99009
0.99024
0.99039
0.99054
0.99069
0.99084
0.99099
0.99114
0.99129
0.99144
0.9916
0.99175
0.9919
0.99205
0.9922
0.99235
0.9925
0.99265
0.9928
0.99295
0.9931
0.99325
0.9934
0.99355
0.9937
0.99385
0.994
0.99415
0.9943
0.99445
0.9946
0.99475
0.9949
0.99505
0.9952
0.99535
0.9955
0.99565
0.9958
0.99595
0.9961
0.99625
0.9964
0.99655
0.9967
0.99685
0.997
0.99715
0.9973
0.99745
0.9976
0.99775
0.9979
0.99805
0.9982
0.99835
0.9985
0.99865
0.9988
0.99895
0.9991
0.99925
0.9994
0.99955
0.9997
0.99985
1
