0
0
0.010057
0.020203
0.03001
0.040173
0.050068
0.060206
0.070138
0.080314
0.09032
0.1003
0.11021
0.12008
0.13017
0.14003
0.15008
0.16007
0.17019
0.18005
0.19015
0.20005
0.21009
0.22013
0.2301
0.24006
0.25001
0.26002
0.27001
0.28004
0.29006
0.30005
0.31004
0.32005
0.33001
0.34
0.35004
0.36005
0.37004
0.38
0.39002
0.40001
0.41008
0.42003
0.43004
0.44001
0.45008
0.46003
0.47004
0.48007
0.49006
0.50008
0.51005
0.52
0.53004
0.54007
0.55009
0.56004
0.57007
0.58004
0.59001
0.60007
0.61
0.62002
0.63001
0.64001
0.65011
0.66011
0.67
0.68009
0.6901
0.70002
0.71004
0.72004
0.73003
0.7401
0.75012
0.7601
0.77002
0.78002
0.7901
0.80001
0.81002
0.82013
0.83005
0.84007
0.85002
0.86003
0.8701
0.88006
0.89007
0.9
0.91014
0.92004
0.93014
0.94
0.95006
0.96001
0.97014
0.98002
0.99009
1
