0
0
0.00075119
0.0014359
0.0020667
0.0028472
0.0036028
0.004369
0.0051688
0.0059949
0.0068233
0.0077092
0.0085958
0.0094704
0.010359
0.011132
0.011892
0.012702
0.013588
0.014554
0.01555
0.016408
0.017132
0.017811
0.018488
0.019114
0.019777
0.020399
0.02104
0.021624
0.022235
0.022791
0.023341
0.023877
0.024404
0.024955
0.025512
0.026081
0.026629
0.027174
0.027686
0.028182
0.028691
0.029179
0.029651
0.030116
0.030584
0.031056
0.031523
0.032
0.03249
0.032987
0.03349
0.034001
0.03452
0.035046
0.035581
0.036124
0.03665
0.037174
0.037665
0.038115
0.038561
0.039014
0.039478
0.039951
0.040434
0.040926
0.041425
0.041932
0.042447
0.042969
0.043499
0.044037
0.044583
0.045137
0.045699
0.046269
0.046847
0.047434
0.048029
0.048634
0.049247
0.049869
0.050501
0.051141
0.051792
0.052452
0.053122
0.053802
0.054492
0.055192
0.055903
0.056624
0.057356
0.058098
0.058852
0.059616
0.060392
0.061179
0.061978
0.062788
0.063609
0.064443
0.065288
0.066146
0.067016
0.067898
0.068793
0.069695
0.070615
0.071533
0.072441
0.073366
0.074273
0.075163
0.076064
0.076981
0.077913
0.078858
0.079816
0.080787
0.08177
0.082766
0.083774
0.084794
0.085828
0.086876
0.087938
0.089016
0.090109
0.091219
0.092347
0.093492
0.094655
0.095765
0.096862
0.097963
0.099073
0.10019
0.10124
0.10225
0.10327
0.10431
0.10536
0.10643
0.10751
0.1086
0.1097
0.11081
0.11192
0.11305
0.11413
0.11518
0.11623
0.11726
0.1183
0.11933
0.12034
0.12135
0.12236
0.12338
0.12442
0.12544
0.12643
0.12741
0.1284
0.12939
0.13039
0.1314
0.13242
0.13344
0.13447
0.13551
0.13656
0.13762
0.13868
0.13975
0.14082
0.14189
0.14295
0.14402
0.14507
0.14613
0.14719
0.14824
0.14925
0.15025
0.15117
0.15202
0.15284
0.15361
0.15433
0.15504
0.15573
0.15641
0.15709
0.15773
0.15837
0.15899
0.1596
0.16021
0.16081
0.16141
0.16201
0.1626
0.16319
0.16377
0.16436
0.16494
0.16553
0.16611
0.16669
0.16726
0.16784
0.16842
0.169
0.16957
0.17014
0.17072
0.17129
0.17186
0.17244
0.17301
0.17358
0.17415
0.17472
0.17529
0.17586
0.17643
0.177
0.17757
0.17814
0.17871
0.17928
0.17985
0.18042
0.18099
0.18156
0.18213
0.1827
0.18328
0.18385
0.18442
0.18499
0.18556
0.18614
0.18671
0.18729
0.18786
0.18844
0.18901
0.18959
0.19017
0.19075
0.19132
0.1919
0.19249
0.19307
0.19365
0.19423
0.19482
0.1954
0.19598
0.19657
0.19716
0.19775
0.19833
0.19892
0.19951
0.2001
0.2007
0.20129
0.20188
0.20248
0.20307
0.20367
0.20427
0.20486
0.20546
0.20606
0.20666
0.20727
0.20787
0.20847
0.20908
0.20968
0.21029
0.2109
0.2115
0.21211
0.21272
0.21334
0.21395
0.21456
0.21518
0.21579
0.21641
0.21702
0.21764
0.21826
0.21888
0.2195
0.22013
0.22075
0.22138
0.222
0.22263
0.22326
0.22388
0.22451
0.22513
0.22575
0.22636
0.22697
0.22758
0.22819
0.2288
0.2294
0.23001
0.23061
0.23121
0.2318
0.2324
0.23299
0.23357
0.23415
0.23473
0.2353
0.23587
0.23644
0.23701
0.23757
0.23813
0.23869
0.23924
0.2398
0.24035
0.2409
0.24145
0.24199
0.24254
0.24308
0.24362
0.24416
0.2447
0.24524
0.24573
0.24617
0.24659
0.24699
0.24737
0.24775
0.24812
0.24849
0.24885
0.2492
0.24956
0.2499
0.25025
0.25059
0.25093
0.25127
0.25161
0.25194
0.25227
0.2526
0.25293
0.25326
0.25358
0.25391
0.25423
0.25455
0.25487
0.25519
0.25551
0.25582
0.25614
0.25645
0.25677
0.25708
0.25739
0.2577
0.25801
0.25832
0.25863
0.25893
0.25924
0.25954
0.25985
0.26015
0.26046
0.26076
0.26106
0.26136
0.26167
0.26197
0.26227
0.26257
0.26286
0.26316
0.26346
0.26376
0.26405
0.26435
0.26464
0.26494
0.26523
0.26553
0.26582
0.26612
0.26641
0.2667
0.26699
0.26728
0.26757
0.26786
0.26815
0.26844
0.26873
0.26902
0.26931
0.2696
0.26989
0.27017
0.27046
0.27075
0.27103
0.27132
0.27161
0.27189
0.27218
0.27246
0.27274
0.27303
0.27331
0.27359
0.27388
0.27416
0.27444
0.27472
0.27501
0.27529
0.27557
0.27585
0.27613
0.27641
0.27669
0.27697
0.27725
0.27753
0.27781
0.27808
0.27836
0.27864
0.27892
0.2792
0.27947
0.27975
0.28003
0.2803
0.28058
0.28085
0.28113
0.2814
0.28168
0.28195
0.28223
0.2825
0.28278
0.28305
0.28333
0.2836
0.28387
0.28414
0.28442
0.28469
0.28496
0.28523
0.28551
0.28578
0.28605
0.28632
0.28659
0.28686
0.28713
0.2874
0.28767
0.28794
0.28821
0.28848
0.28875
0.28902
0.28929
0.28955
0.28982
0.29009
0.29036
0.29062
0.29089
0.29116
0.29143
0.29169
0.29196
0.29222
0.29249
0.29276
0.29302
0.29329
0.29355
0.29382
0.29408
0.29435
0.29461
0.29487
0.29514
0.2954
0.29567
0.29593
0.29619
0.29645
0.29672
0.29698
0.29724
0.2975
0.29777
0.29803
0.29829
0.29855
0.29881
0.29907
0.29934
0.2996
0.29986
0.30012
0.30038
0.30064
0.3009
0.30116
0.30142
0.30168
0.30194
0.3022
0.30246
0.30271
0.30297
0.30323
0.30349
0.30375
0.30401
0.30427
0.30452
0.30478
0.30504
0.3053
0.30555
0.30581
0.30607
0.30633
0.30658
0.30684
0.3071
0.30735
0.30761
0.30787
0.30812
0.30838
0.30864
0.30889
0.30915
0.30941
0.30966
0.30992
0.31017
0.31043
0.31068
0.31094
0.31119
0.31145
0.3117
0.31196
0.31221
0.31247
0.31272
0.31298
0.31323
0.31349
0.31374
0.314
0.31425
0.3145
0.31476
0.31501
0.31527
0.31552
0.31577
0.31603
0.31628
0.31654
0.31679
0.31704
0.3173
0.31755
0.3178
0.31806
0.31831
0.31856
0.31881
0.31907
0.31932
0.31957
0.31983
0.32008
0.32033
0.32058
0.32084
0.32109
0.32134
0.32159
0.32185
0.3221
0.32235
0.3226
0.32285
0.32311
0.32336
0.32361
0.32386
0.32411
0.32437
0.32462
0.32487
0.32512
0.32537
0.32562
0.32587
0.32613
0.32638
0.32663
0.32688
0.32713
0.32738
0.32763
0.32789
0.32814
0.32839
0.32864
0.32889
0.32914
0.32939
0.32965
0.3299
0.33015
0.3304
0.33065
0.3309
0.33115
0.3314
0.33165
0.33191
0.33216
0.33241
0.33266
0.33291
0.33316
0.33341
0.33366
0.33391
0.33417
0.33442
0.33467
0.33492
0.33517
0.33542
0.33567
0.33593
0.33618
0.33643
0.33668
0.33693
0.33718
0.33743
0.33769
0.33794
0.33819
0.33844
0.33869
0.33894
0.33919
0.33945
0.3397
0.33995
0.3402
0.34045
0.34071
0.34096
0.34121
0.34146
0.34171
0.34197
0.34222
0.34247
0.34272
0.34298
0.34323
0.34348
0.34373
0.34399
0.34424
0.34449
0.34474
0.345
0.34525
0.3455
0.34575
0.34601
0.34626
0.34651
0.34677
0.34702
0.34727
0.34753
0.34778
0.34803
0.34829
0.34854
0.34879
0.34905
0.3493
0.34956
0.34981
0.35006
0.35032
0.35057
0.35083
0.35108
0.35133
0.35159
0.35184
0.3521
0.35235
0.35261
0.35286
0.35312
0.35337
0.35363
0.35388
0.35414
0.35439
0.35465
0.3549
0.35516
0.35541
0.35567
0.35592
0.35618
0.35643
0.35669
0.35694
0.3572
0.35746
0.35771
0.35797
0.35822
0.35848
0.35874
0.35899
0.35925
0.35951
0.35976
0.36002
0.36028
0.36053
0.36079
0.36105
0.3613
0.36156
0.36182
0.36208
0.36233
0.36259
0.36285
0.36311
0.36336
0.36362
0.36388
0.36414
0.36439
0.36465
0.36491
0.36517
0.36543
0.36569
0.36594
0.3662
0.36646
0.36672
0.36698
0.36724
0.3675
0.36775
0.36801
0.36827
0.36853
0.36879
0.36905
0.36931
0.36957
0.36983
0.37009
0.37035
0.37061
0.37087
0.37113
0.37139
0.37165
0.37191
0.37217
0.37243
0.37269
0.37295
0.37321
0.37347
0.37373
0.37399
0.37425
0.37451
0.37477
0.37504
0.3753
0.37556
0.37582
0.37608
0.37634
0.3766
0.37686
0.37713
0.37739
0.37765
0.37791
0.37817
0.37844
0.3787
0.37896
0.37922
0.37948
0.37975
0.38001
0.38027
0.38053
0.3808
0.38106
0.38132
0.38159
0.38185
0.38211
0.38238
0.38264
0.3829
0.38317
0.38343
0.38369
0.38396
0.38422
0.38448
0.38475
0.38501
0.38528
0.38554
0.3858
0.38607
0.38633
0.3866
0.38686
0.38713
0.38739
0.38766
0.38792
0.38819
0.38845
0.38872
0.38898
0.38925
0.38951
0.38978
0.39004
0.39031
0.39057
0.39084
0.39111
0.39137
0.39164
0.3919
0.39217
0.39244
0.3927
0.39297
0.39323
0.3935
0.39377
0.39403
0.3943
0.39457
0.39483
0.3951
0.39537
0.39564
0.3959
0.39617
0.39644
0.3967
0.39697
0.39724
0.39751
0.39777
0.39804
0.39831
0.39858
0.39885
0.39911
0.39938
0.39965
0.39992
0.40019
0.40046
0.40072
0.40099
0.40126
0.40153
0.4018
0.40207
0.40234
0.40261
0.40288
0.40315
0.40342
0.40368
0.40395
0.40422
0.40449
0.40476
0.40503
0.4053
0.40557
0.40584
0.40611
0.40638
0.40665
0.40692
0.4072
0.40747
0.40774
0.40801
0.40828
0.40855
0.40882
0.40909
0.40936
0.40963
0.40991
0.41018
0.41045
0.41072
0.41099
0.41126
0.41154
0.41181
0.41208
0.41235
0.41262
0.4129
0.41317
0.41344
0.41371
0.41399
0.41426
0.41453
0.4148
0.41508
0.41535
0.41562
0.4159
0.41617
0.41644
0.41672
0.41699
0.41726
0.41754
0.41781
0.41808
0.41836
0.41863
0.41891
0.41918
0.41946
0.41973
0.42
0.42028
0.42055
0.42083
0.4211
0.42138
0.42165
0.42193
0.4222
0.42248
0.42275
0.42303
0.4233
0.42358
0.42386
0.42413
0.42441
0.42468
0.42496
0.42524
0.42551
0.42579
0.42606
0.42634
0.42662
0.42689
0.42717
0.42745
0.42772
0.428
0.42828
0.42856
0.42883
0.42911
0.42939
0.42966
0.42994
0.43022
0.4305
0.43078
0.43105
0.43133
0.43161
0.43189
0.43217
0.43244
0.43272
0.433
0.43328
0.43356
0.43384
0.43412
0.43439
0.43467
0.43495
0.43523
0.43551
0.43579
0.43607
0.43635
0.43663
0.43691
0.43719
0.43747
0.43775
0.43803
0.43831
0.43859
0.43887
0.43915
0.43943
0.43971
0.43999
0.44027
0.44055
0.44084
0.44112
0.4414
0.44168
0.44196
0.44224
0.44252
0.4428
0.44309
0.44337
0.44365
0.44393
0.44421
0.4445
0.44478
0.44506
0.44534
0.44563
0.44591
0.44619
0.44647
0.44676
0.44704
0.44732
0.44761
0.44789
0.44817
0.44846
0.44874
0.44902
0.44931
0.44959
0.44987
0.45016
0.45044
0.45073
0.45101
0.45129
0.45158
0.45186
0.45215
0.45243
0.45272
0.453
0.45329
0.45357
0.45386
0.45414
0.45443
0.45471
0.455
0.45528
0.45557
0.45585
0.45614
0.45643
0.45671
0.457
0.45728
0.45757
0.45786
0.45814
0.45843
0.45872
0.459
0.45929
0.45958
0.45986
0.46015
0.46044
0.46073
0.46101
0.4613
0.46159
0.46188
0.46216
0.46245
0.46274
0.46303
0.46331
0.4636
0.46389
0.46418
0.46447
0.46476
0.46504
0.46533
0.46562
0.46591
0.4662
0.46649
0.46678
0.46707
0.46736
0.46765
0.46794
0.46822
0.46851
0.4688
0.46909
0.46938
0.46967
0.46996
0.47025
0.47054
0.47083
0.47113
0.47142
0.47171
0.472
0.47229
0.47258
0.47287
0.47316
0.47345
0.47374
0.47403
0.47433
0.47462
0.47491
0.4752
0.47549
0.47578
0.47608
0.47637
0.47666
0.47695
0.47725
0.47754
0.47783
0.47812
0.47842
0.47871
0.479
0.47929
0.47959
0.47988
0.48017
0.48047
0.48076
0.48105
0.48135
0.48164
0.48194
0.48223
0.48252
0.48282
0.48311
0.48341
0.4837
0.484
0.48429
0.48458
0.48488
0.48517
0.48547
0.48576
0.48606
0.48635
0.48665
0.48694
0.48724
0.48754
0.48783
0.48813
0.48842
0.48872
0.48901
0.48931
0.48961
0.4899
0.4902
0.4905
0.49079
0.49109
0.49139
0.49168
0.49198
0.49228
0.49257
0.49287
0.49317
0.49347
0.49376
0.49406
0.49436
0.49466
0.49495
0.49525
0.49555
0.49585
0.49615
0.49645
0.49674
0.49704
0.49734
0.49764
0.49794
0.49824
0.49854
0.49884
0.49913
0.49943
0.49973
0.50003
0.50033
0.50063
0.50093
0.50123
0.50153
0.50183
0.50213
0.50243
0.50273
0.50303
0.50333
0.50363
0.50393
0.50424
0.50454
0.50484
0.50514
0.50544
0.50574
0.50604
0.50634
0.50665
0.50695
0.50725
0.50755
0.50785
0.50816
0.50846
0.50876
0.50906
0.50936
0.50967
0.50997
0.51027
0.51058
0.51088
0.51118
0.51149
0.51179
0.51209
0.5124
0.5127
0.513
0.51331
0.51361
0.51391
0.51422
0.51452
0.51483
0.51513
0.51544
0.51574
0.51605
0.51635
0.51666
0.51696
0.51727
0.51757
0.51788
0.51818
0.51849
0.51879
0.5191
0.5194
0.51971
0.52002
0.52032
0.52063
0.52094
0.52124
0.52155
0.52186
0.52216
0.52247
0.52278
0.52308
0.52339
0.5237
0.52401
0.52431
0.52462
0.52493
0.52524
0.52555
0.52585
0.52616
0.52647
0.52678
0.52709
0.5274
0.5277
0.52801
0.52832
0.52863
0.52894
0.52925
0.52956
0.52987
0.53018
0.53049
0.5308
0.53111
0.53142
0.53173
0.53204
0.53235
0.53266
0.53297
0.53328
0.53359
0.5339
0.53422
0.53453
0.53484
0.53515
0.53546
0.53577
0.53609
0.5364
0.53671
0.53702
0.53733
0.53765
0.53796
0.53827
0.53859
0.5389
0.53921
0.53952
0.53984
0.54015
0.54047
0.54078
0.54109
0.54141
0.54172
0.54203
0.54235
0.54266
0.54298
0.54329
0.54361
0.54392
0.54424
0.54455
0.54487
0.54518
0.5455
0.54581
0.54613
0.54645
0.54676
0.54708
0.54739
0.54771
0.54803
0.54834
0.54866
0.54898
0.5493
0.54961
0.54993
0.55025
0.55056
0.55088
0.5512
0.55152
0.55184
0.55215
0.55247
0.55279
0.55311
0.55343
0.55375
0.55407
0.55439
0.5547
0.55502
0.55534
0.55566
0.55598
0.5563
0.55662
0.55694
0.55726
0.55758
0.5579
0.55823
0.55855
0.55887
0.55919
0.55951
0.55983
0.56015
0.56047
0.5608
0.56112
0.56144
0.56176
0.56208
0.56241
0.56273
0.56305
0.56337
0.5637
0.56402
0.56434
0.56467
0.56499
0.56532
0.56564
0.56596
0.56629
0.56661
0.56694
0.56726
0.56758
0.56791
0.56823
0.56856
0.56889
0.56921
0.56954
0.56986
0.57019
0.57051
0.57084
0.57117
0.57149
0.57182
0.57215
0.57247
0.5728
0.57313
0.57345
0.57378
0.57411
0.57444
0.57476
0.57509
0.57542
0.57575
0.57608
0.57641
0.57673
0.57706
0.57739
0.57772
0.57805
0.57838
0.57871
0.57904
0.57937
0.5797
0.58003
0.58036
0.58069
0.58102
0.58135
0.58168
0.58201
0.58235
0.58268
0.58301
0.58334
0.58367
0.584
0.58434
0.58467
0.585
0.58533
0.58567
0.586
0.58633
0.58667
0.587
0.58733
0.58767
0.588
0.58833
0.58867
0.589
0.58934
0.58967
0.59001
0.59034
0.59068
0.59101
0.59135
0.59168
0.59202
0.59235
0.59269
0.59303
0.59336
0.5937
0.59404
0.59437
0.59471
0.59505
0.59538
0.59572
0.59606
0.5964
0.59674
0.59707
0.59741
0.59775
0.59809
0.59843
0.59877
0.59911
0.59944
0.59978
0.60012
0.60046
0.6008
0.60114
0.60148
0.60182
0.60216
0.6025
0.60284
0.60319
0.60353
0.60387
0.60421
0.60455
0.60489
0.60523
0.60558
0.60592
0.60626
0.6066
0.60695
0.60729
0.60763
0.60798
0.60832
0.60866
0.60901
0.60935
0.60969
0.61004
0.61038
0.61073
0.61107
0.61142
0.61176
0.61211
0.61245
0.6128
0.61314
0.61349
0.61383
0.61418
0.61452
0.61487
0.61522
0.61556
0.61591
0.61626
0.6166
0.61695
0.6173
0.61765
0.61799
0.61834
0.61869
0.61904
0.61939
0.61974
0.62008
0.62043
0.62078
0.62113
0.62148
0.62183
0.62218
0.62253
0.62288
0.62323
0.62358
0.62393
0.62428
0.62463
0.62498
0.62533
0.62568
0.62604
0.62639
0.62674
0.62709
0.62744
0.62779
0.62815
0.6285
0.62885
0.6292
0.62956
0.62991
0.63026
0.63062
0.63097
0.63132
0.63168
0.63203
0.63239
0.63274
0.63309
0.63345
0.6338
0.63416
0.63451
0.63487
0.63522
0.63558
0.63594
0.63629
0.63665
0.637
0.63736
0.63772
0.63807
0.63843
0.63879
0.63914
0.6395
0.63986
0.64022
0.64057
0.64093
0.64129
0.64165
0.64201
0.64236
0.64272
0.64308
0.64344
0.6438
0.64416
0.64452
0.64488
0.64524
0.6456
0.64596
0.64632
0.64668
0.64704
0.6474
0.64776
0.64812
0.64848
0.64884
0.6492
0.64956
0.64993
0.65029
0.65065
0.65101
0.65137
0.65174
0.6521
0.65246
0.65282
0.65319
0.65355
0.65391
0.65428
0.65464
0.655
0.65537
0.65573
0.65609
0.65646
0.65682
0.65719
0.65755
0.65792
0.65828
0.65865
0.65901
0.65938
0.65974
0.66011
0.66048
0.66084
0.66121
0.66157
0.66194
0.66231
0.66267
0.66304
0.66341
0.66377
0.66414
0.66451
0.66488
0.66525
0.66561
0.66598
0.66635
0.66672
0.66709
0.66745
0.66782
0.66819
0.66856
0.66893
0.6693
0.66967
0.67004
0.67041
0.67078
0.67115
0.67152
0.67189
0.67226
0.67263
0.673
0.67337
0.67374
0.67412
0.67449
0.67486
0.67523
0.6756
0.67597
0.67635
0.67672
0.67709
0.67746
0.67784
0.67821
0.67858
0.67895
0.67933
0.6797
0.68007
0.68045
0.68082
0.6812
0.68157
0.68194
0.68232
0.68269
0.68307
0.68344
0.68382
0.68419
0.68457
0.68494
0.68532
0.68569
0.68607
0.68645
0.68682
0.6872
0.68757
0.68795
0.68833
0.6887
0.68908
0.68946
0.68983
0.69021
0.69059
0.69097
0.69134
0.69172
0.6921
0.69248
0.69286
0.69324
0.69361
0.69399
0.69437
0.69475
0.69513
0.69551
0.69589
0.69627
0.69665
0.69703
0.69741
0.69779
0.69817
0.69855
0.69893
0.69931
0.69969
0.70007
0.70045
0.70083
0.70121
0.70159
0.70198
0.70236
0.70274
0.70312
0.7035
0.70389
0.70427
0.70465
0.70503
0.70542
0.7058
0.70618
0.70657
0.70695
0.70733
0.70772
0.7081
0.70848
0.70887
0.70925
0.70964
0.71002
0.7104
0.71079
0.71117
0.71156
0.71194
0.71233
0.71271
0.7131
0.71349
0.71387
0.71426
0.71464
0.71503
0.71542
0.7158
0.71619
0.71658
0.71696
0.71735
0.71774
0.71812
0.71851
0.7189
0.71929
0.71967
0.72006
0.72045
0.72084
0.72123
0.72161
0.722
0.72239
0.72278
0.72317
0.72356
0.72395
0.72434
0.72473
0.72512
0.72551
0.7259
0.72629
0.72668
0.72707
0.72746
0.72785
0.72824
0.72863
0.72902
0.72941
0.7298
0.73019
0.73058
0.73098
0.73137
0.73176
0.73215
0.73254
0.73294
0.73333
0.73372
0.73411
0.73451
0.7349
0.73529
0.73568
0.73608
0.73647
0.73687
0.73726
0.73765
0.73805
0.73844
0.73883
0.73923
0.73962
0.74002
0.74041
0.74081
0.7412
0.7416
0.74199
0.74239
0.74278
0.74318
0.74357
0.74397
0.74437
0.74476
0.74516
0.74556
0.74595
0.74635
0.74675
0.74714
0.74754
0.74794
0.74833
0.74873
0.74913
0.74953
0.74992
0.75032
0.75072
0.75112
0.75152
0.75191
0.75231
0.75271
0.75311
0.75351
0.75391
0.75431
0.75471
0.75511
0.75551
0.75591
0.75631
0.75671
0.75711
0.75751
0.75791
0.75831
0.75871
0.75911
0.75951
0.75991
0.76031
0.76071
0.76111
0.76152
0.76192
0.76232
0.76272
0.76312
0.76352
0.76393
0.76433
0.76473
0.76513
0.76554
0.76594
0.76634
0.76675
0.76715
0.76755
0.76796
0.76836
0.76876
0.76917
0.76957
0.76997
0.77038
0.77078
0.77119
0.77159
0.772
0.7724
0.77281
0.77321
0.77362
0.77402
0.77443
0.77483
0.77524
0.77565
0.77605
0.77646
0.77686
0.77727
0.77768
0.77808
0.77849
0.7789
0.7793
0.77971
0.78012
0.78052
0.78093
0.78134
0.78175
0.78216
0.78256
0.78297
0.78338
0.78379
0.7842
0.7846
0.78501
0.78542
0.78583
0.78624
0.78665
0.78706
0.78747
0.78788
0.78829
0.7887
0.78911
0.78952
0.78993
0.79034
0.79075
0.79116
0.79157
0.79198
0.79239
0.7928
0.79321
0.79362
0.79403
0.79445
0.79486
0.79527
0.79568
0.79609
0.79651
0.79692
0.79733
0.79774
0.79816
0.79857
0.79898
0.79939
0.79981
0.80022
0.80063
0.80105
0.80146
0.80187
0.80229
0.8027
0.80311
0.80353
0.80394
0.80436
0.80477
0.80519
0.8056
0.80602
0.80643
0.80685
0.80726
0.80768
0.80809
0.80851
0.80892
0.80934
0.80975
0.81017
0.81059
0.811
0.81142
0.81184
0.81225
0.81267
0.81309
0.8135
0.81392
0.81434
0.81475
0.81517
0.81559
0.81601
0.81643
0.81684
0.81726
0.81768
0.8181
0.81852
0.81893
0.81935
0.81977
0.82019
0.82061
0.82103
0.82145
0.82187
0.82229
0.82271
0.82313
0.82355
0.82396
0.82438
0.82481
0.82523
0.82565
0.82607
0.82649
0.82691
0.82733
0.82775
0.82817
0.82859
0.82901
0.82943
0.82986
0.83028
0.8307
0.83112
0.83154
0.83196
0.83239
0.83281
0.83323
0.83365
0.83408
0.8345
0.83492
0.83535
0.83577
0.83619
0.83662
0.83704
0.83746
0.83789
0.83831
0.83873
0.83916
0.83958
0.84001
0.84043
0.84085
0.84128
0.8417
0.84213
0.84255
0.84298
0.8434
0.84383
0.84425
0.84468
0.84511
0.84553
0.84596
0.84638
0.84681
0.84724
0.84766
0.84809
0.84852
0.84894
0.84937
0.8498
0.85022
0.85065
0.85108
0.8515
0.85193
0.85236
0.85279
0.85321
0.85364
0.85407
0.8545
0.85493
0.85536
0.85578
0.85621
0.85664
0.85707
0.8575
0.85793
0.85836
0.85879
0.85922
0.85964
0.86007
0.8605
0.86093
0.86136
0.86179
0.86222
0.86265
0.86308
0.86351
0.86395
0.86438
0.86481
0.86524
0.86567
0.8661
0.86653
0.86696
0.86739
0.86783
0.86826
0.86869
0.86912
0.86955
0.86999
0.87042
0.87085
0.87128
0.87171
0.87215
0.87258
0.87301
0.87345
0.87388
0.87431
0.87475
0.87518
0.87561
0.87605
0.87648
0.87691
0.87735
0.87778
0.87822
0.87865
0.87909
0.87952
0.87995
0.88039
0.88082
0.88126
0.88169
0.88213
0.88257
0.883
0.88344
0.88387
0.88431
0.88474
0.88518
0.88562
0.88605
0.88649
0.88692
0.88736
0.8878
0.88823
0.88867
0.88911
0.88955
0.88998
0.89042
0.89086
0.8913
0.89173
0.89217
0.89261
0.89305
0.89348
0.89392
0.89436
0.8948
0.89524
0.89568
0.89612
0.89655
0.89699
0.89743
0.89787
0.89831
0.89875
0.89919
0.89963
0.90007
0.90051
0.90095
0.90139
0.90183
0.90227
0.90271
0.90315
0.90359
0.90403
0.90447
0.90491
0.90535
0.90579
0.90624
0.90668
0.90712
0.90756
0.908
0.90844
0.90889
0.90933
0.90977
0.91021
0.91065
0.9111
0.91154
0.91198
0.91242
0.91287
0.91331
0.91375
0.9142
0.91464
0.91508
0.91553
0.91597
0.91641
0.91686
0.9173
0.91775
0.91819
0.91863
0.91908
0.91952
0.91997
0.92041
0.92086
0.9213
0.92175
0.92219
0.92264
0.92308
0.92353
0.92397
0.92442
0.92487
0.92531
0.92576
0.9262
0.92665
0.9271
0.92754
0.92799
0.92843
0.92888
0.92933
0.92978
0.93022
0.93067
0.93112
0.93156
0.93201
0.93246
0.93291
0.93335
0.9338
0.93425
0.9347
0.93515
0.93559
0.93604
0.93649
0.93694
0.93739
0.93784
0.93829
0.93874
0.93918
0.93963
0.94008
0.94053
0.94098
0.94143
0.94188
0.94233
0.94278
0.94323
0.94368
0.94413
0.94458
0.94503
0.94548
0.94593
0.94638
0.94683
0.94728
0.94774
0.94819
0.94864
0.94909
0.94954
0.94999
0.95044
0.95089
0.95135
0.9518
0.95225
0.9527
0.95315
0.95361
0.95406
0.95451
0.95496
0.95542
0.95587
0.95632
0.95678
0.95723
0.95768
0.95813
0.95859
0.95904
0.95949
0.95995
0.9604
0.96086
0.96131
0.96176
0.96222
0.96267
0.96313
0.96358
0.96404
0.96449
0.96494
0.9654
0.96585
0.96631
0.96676
0.96722
0.96767
0.96813
0.96858
0.96904
0.9695
0.96995
0.97041
0.97086
0.97132
0.97178
0.97223
0.97269
0.97314
0.9736
0.97406
0.97451
0.97497
0.97543
0.97588
0.97634
0.9768
0.97726
0.97771
0.97817
0.97863
0.97909
0.97954
0.98
0.98046
0.98092
0.98138
0.98183
0.98229
0.98275
0.98321
0.98367
0.98413
0.98459
0.98504
0.9855
0.98596
0.98642
0.98688
0.98734
0.9878
0.98826
0.98872
0.98918
0.98964
0.9901
0.99056
0.99102
0.99148
0.99194
0.9924
0.99286
0.99332
0.99379
0.99425
0.99471
0.99517
0.99563
0.99609
0.99655
0.99702
0.99748
0.99794
0.9984
0.99886
0.99933
0.99979
1.0003
