0
0
0.010359
0.020399
0.030116
0.040434
0.050501
0.060392
0.070615
0.080787
0.090109
0.10019
0.11081
0.12034
0.13039
0.14082
0.15025
0.16021
0.17014
0.18042
0.19017
0.2001
0.21029
0.22013
0.23001
0.24035
0.25025
0.26015
0.27017
0.28003
0.29009
0.30012
0.31017
0.32008
0.33015
0.3402
0.35006
0.36002
0.37009
0.38001
0.39004
0.40019
0.41018
0.42
0.43022
0.44027
0.45016
0.46015
0.47025
0.48017
0.4902
0.50003
0.51027
0.52002
0.53018
0.54015
0.55025
0.56015
0.57019
0.58003
0.59001
0.60012
0.61004
0.62008
0.63026
0.64022
0.65029
0.66011
0.67004
0.68007
0.69021
0.70007
0.71002
0.72006
0.73019
0.74002
0.75032
0.76031
0.77038
0.78012
0.79034
0.80022
0.81017
0.82019
0.83028
0.84001
0.85022
0.86007
0.87042
0.88039
0.89042
0.90007
0.91021
0.92041
0.93022
0.94008
0.95044
0.9604
0.97041
0.98
0.9901
1.0003
